1f004;0;0;72;72;0
1f0cf;72;0;72;72;0
1f170;144;0;72;72;0
1f171;216;0;72;72;0
1f17e;288;0;72;72;0
1f17f;360;0;72;72;0
1f18e;432;0;72;72;0
1f191;504;0;72;72;0
1f192;576;0;72;72;0
1f193;648;0;72;72;0
1f194;720;0;72;72;0
1f195;792;0;72;72;0
1f196;864;0;72;72;0
1f197;936;0;72;72;0
1f198;0;72;72;72;0
1f199;72;72;72;72;0
1f19a;144;72;72;72;0
1f1e6-1f1e8;216;72;72;72;0
1f1e6-1f1e9;288;72;72;72;0
1f1e6-1f1ea;360;72;72;72;0
1f1e6-1f1eb;432;72;72;72;0
1f1e6-1f1ec;504;72;72;72;0
1f1e6-1f1ee;576;72;72;72;0
1f1e6-1f1f1;648;72;72;72;0
1f1e6-1f1f2;720;72;72;72;0
1f1e6-1f1f4;792;72;72;72;0
1f1e6-1f1f6;864;72;72;72;0
1f1e6-1f1f7;936;72;72;72;0
1f1e6-1f1f8;0;144;72;72;0
1f1e6-1f1f9;72;144;72;72;0
1f1e6-1f1fa;144;144;72;72;0
1f1e6-1f1fc;216;144;72;72;0
1f1e6-1f1fd;288;144;72;72;0
1f1e6-1f1ff;360;144;72;72;0
1f1e6;432;144;72;72;0
1f1e7-1f1e6;504;144;72;72;0
1f1e7-1f1e7;576;144;72;72;0
1f1e7-1f1e9;648;144;72;72;0
1f1e7-1f1ea;720;144;72;72;0
1f1e7-1f1eb;792;144;72;72;0
1f1e7-1f1ec;864;144;72;72;0
1f1e7-1f1ed;936;144;72;72;0
1f1e7-1f1ee;0;216;72;72;0
1f1e7-1f1ef;72;216;72;72;0
1f1e7-1f1f1;144;216;72;72;0
1f1e7-1f1f2;216;216;72;72;0
1f1e7-1f1f3;288;216;72;72;0
1f1e7-1f1f4;360;216;72;72;0
1f1e7-1f1f6;432;216;72;72;0
1f1e7-1f1f7;504;216;72;72;0
1f1e7-1f1f8;576;216;72;72;0
1f1e7-1f1f9;648;216;72;72;0
1f1e7-1f1fb;720;216;72;72;0
1f1e7-1f1fc;792;216;72;72;0
1f1e7-1f1fe;864;216;72;72;0
1f1e7-1f1ff;936;216;72;72;0
1f1e7;0;288;72;72;0
1f1e8-1f1e6;72;288;72;72;0
1f1e8-1f1e8;144;288;72;72;0
1f1e8-1f1e9;216;288;72;72;0
1f1e8-1f1eb;288;288;72;72;0
1f1e8-1f1ec;360;288;72;72;0
1f1e8-1f1ed;432;288;72;72;0
1f1e8-1f1ee;504;288;72;72;0
1f1e8-1f1f0;576;288;72;72;0
1f1e8-1f1f1;648;288;72;72;0
1f1e8-1f1f2;720;288;72;72;0
1f1e8-1f1f3;792;288;72;72;0
1f1e8-1f1f4;864;288;72;72;0
1f1e8-1f1f5;936;288;72;72;0
1f1e8-1f1f7;0;360;72;72;0
1f1e8-1f1fa;72;360;72;72;0
1f1e8-1f1fb;144;360;72;72;0
1f1e8-1f1fc;216;360;72;72;0
1f1e8-1f1fd;288;360;72;72;0
1f1e8-1f1fe;360;360;72;72;0
1f1e8-1f1ff;432;360;72;72;0
1f1e8;504;360;72;72;0
1f1e9-1f1ea;576;360;72;72;0
1f1e9-1f1ec;648;360;72;72;0
1f1e9-1f1ef;720;360;72;72;0
1f1e9-1f1f0;792;360;72;72;0
1f1e9-1f1f2;864;360;72;72;0
1f1e9-1f1f4;936;360;72;72;0
1f1e9-1f1ff;0;432;72;72;0
1f1e9;72;432;72;72;0
1f1ea-1f1e6;144;432;72;72;0
1f1ea-1f1e8;216;432;72;72;0
1f1ea-1f1ea;288;432;72;72;0
1f1ea-1f1ec;360;432;72;72;0
1f1ea-1f1ed;432;432;72;72;0
1f1ea-1f1f7;504;432;72;72;0
1f1ea-1f1f8;576;432;72;72;0
1f1ea-1f1f9;648;432;72;72;0
1f1ea-1f1fa;720;432;72;72;0
1f1ea;792;432;72;72;0
1f1eb-1f1ee;864;432;72;72;0
1f1eb-1f1ef;936;432;72;72;0
1f1eb-1f1f0;0;504;72;72;0
1f1eb-1f1f2;72;504;72;72;0
1f1eb-1f1f4;144;504;72;72;0
1f1eb-1f1f7;216;504;72;72;0
1f1eb;288;504;72;72;0
1f1ec-1f1e6;360;504;72;72;0
1f1ec-1f1e7;432;504;72;72;0
1f1ec-1f1e9;504;504;72;72;0
1f1ec-1f1ea;576;504;72;72;0
1f1ec-1f1eb;648;504;72;72;0
1f1ec-1f1ec;720;504;72;72;0
1f1ec-1f1ed;792;504;72;72;0
1f1ec-1f1ee;864;504;72;72;0
1f1ec-1f1f1;936;504;72;72;0
1f1ec-1f1f2;0;576;72;72;0
1f1ec-1f1f3;72;576;72;72;0
1f1ec-1f1f5;144;576;72;72;0
1f1ec-1f1f6;216;576;72;72;0
1f1ec-1f1f7;288;576;72;72;0
1f1ec-1f1f8;360;576;72;72;0
1f1ec-1f1f9;432;576;72;72;0
1f1ec-1f1fa;504;576;72;72;0
1f1ec-1f1fc;576;576;72;72;0
1f1ec-1f1fe;648;576;72;72;0
1f1ec;720;576;72;72;0
1f1ed-1f1f0;792;576;72;72;0
1f1ed-1f1f2;864;576;72;72;0
1f1ed-1f1f3;936;576;72;72;0
1f1ed-1f1f7;0;648;72;72;0
1f1ed-1f1f9;72;648;72;72;0
1f1ed-1f1fa;144;648;72;72;0
1f1ed;216;648;72;72;0
1f1ee-1f1e8;288;648;72;72;0
1f1ee-1f1e9;360;648;72;72;0
1f1ee-1f1ea;432;648;72;72;0
1f1ee-1f1f1;504;648;72;72;0
1f1ee-1f1f2;576;648;72;72;0
1f1ee-1f1f3;648;648;72;72;0
1f1ee-1f1f4;720;648;72;72;0
1f1ee-1f1f6;792;648;72;72;0
1f1ee-1f1f7;864;648;72;72;0
1f1ee-1f1f8;936;648;72;72;0
1f1ee-1f1f9;0;720;72;72;0
1f1ee;72;720;72;72;0
1f1ef-1f1ea;144;720;72;72;0
1f1ef-1f1f2;216;720;72;72;0
1f1ef-1f1f4;288;720;72;72;0
1f1ef-1f1f5;360;720;72;72;0
1f1ef;432;720;72;72;0
1f1f0-1f1ea;504;720;72;72;0
1f1f0-1f1ec;576;720;72;72;0
1f1f0-1f1ed;648;720;72;72;0
1f1f0-1f1ee;720;720;72;72;0
1f1f0-1f1f2;792;720;72;72;0
1f1f0-1f1f3;864;720;72;72;0
1f1f0-1f1f5;936;720;72;72;0
1f1f0-1f1f7;0;792;72;72;0
1f1f0-1f1fc;72;792;72;72;0
1f1f0-1f1fe;144;792;72;72;0
1f1f0-1f1ff;216;792;72;72;0
1f1f0;288;792;72;72;0
1f1f1-1f1e6;360;792;72;72;0
1f1f1-1f1e7;432;792;72;72;0
1f1f1-1f1e8;504;792;72;72;0
1f1f1-1f1ee;576;792;72;72;0
1f1f1-1f1f0;648;792;72;72;0
1f1f1-1f1f7;720;792;72;72;0
1f1f1-1f1f8;792;792;72;72;0
1f1f1-1f1f9;864;792;72;72;0
1f1f1-1f1fa;936;792;72;72;0
1f1f1-1f1fb;0;864;72;72;0
1f1f1-1f1fe;72;864;72;72;0
1f1f1;144;864;72;72;0
1f1f2-1f1e6;216;864;72;72;0
1f1f2-1f1e8;288;864;72;72;0
1f1f2-1f1e9;360;864;72;72;0
1f1f2-1f1ea;432;864;72;72;0
1f1f2-1f1eb;504;864;72;72;0
1f1f2-1f1ec;576;864;72;72;0
1f1f2-1f1ed;648;864;72;72;0
1f1f2-1f1f0;720;864;72;72;0
1f1f2-1f1f1;792;864;72;72;0
1f1f2-1f1f2;864;864;72;72;0
1f1f2-1f1f3;936;864;72;72;0
1f1f2-1f1f4;0;936;72;72;0
1f1f2-1f1f5;72;936;72;72;0
1f1f2-1f1f6;144;936;72;72;0
1f1f2-1f1f7;216;936;72;72;0
1f1f2-1f1f8;288;936;72;72;0
1f1f2-1f1f9;360;936;72;72;0
1f1f2-1f1fa;432;936;72;72;0
1f1f2-1f1fb;504;936;72;72;0
1f1f2-1f1fc;576;936;72;72;0
1f1f2-1f1fd;648;936;72;72;0
1f1f2-1f1fe;720;936;72;72;0
1f1f2-1f1ff;792;936;72;72;0
1f1f2;864;936;72;72;0
1f1f3-1f1e6;936;936;72;72;0
1f1f3-1f1e8;0;0;72;72;1
1f1f3-1f1ea;72;0;72;72;1
1f1f3-1f1eb;144;0;72;72;1
1f1f3-1f1ec;216;0;72;72;1
1f1f3-1f1ee;288;0;72;72;1
1f1f3-1f1f1;360;0;72;72;1
1f1f3-1f1f4;432;0;72;72;1
1f1f3-1f1f5;504;0;72;72;1
1f1f3-1f1f7;576;0;72;72;1
1f1f3-1f1fa;648;0;72;72;1
1f1f3-1f1ff;720;0;72;72;1
1f1f3;792;0;72;72;1
1f1f4-1f1f2;864;0;72;72;1
1f1f4;936;0;72;72;1
1f1f5-1f1e6;0;72;72;72;1
1f1f5-1f1ea;72;72;72;72;1
1f1f5-1f1eb;144;72;72;72;1
1f1f5-1f1ec;216;72;72;72;1
1f1f5-1f1ed;288;72;72;72;1
1f1f5-1f1f0;360;72;72;72;1
1f1f5-1f1f1;432;72;72;72;1
1f1f5-1f1f2;504;72;72;72;1
1f1f5-1f1f3;576;72;72;72;1
1f1f5-1f1f7;648;72;72;72;1
1f1f5-1f1f8;720;72;72;72;1
1f1f5-1f1f9;792;72;72;72;1
1f1f5-1f1fc;864;72;72;72;1
1f1f5-1f1fe;936;72;72;72;1
1f1f5;0;144;72;72;1
1f1f6-1f1e6;72;144;72;72;1
1f1f6;144;144;72;72;1
1f1f7-1f1ea;216;144;72;72;1
1f1f7-1f1f4;288;144;72;72;1
1f1f7-1f1f8;360;144;72;72;1
1f1f7-1f1fa;432;144;72;72;1
1f1f7-1f1fc;504;144;72;72;1
1f1f7;576;144;72;72;1
1f1f8-1f1e6;648;144;72;72;1
1f1f8-1f1e7;720;144;72;72;1
1f1f8-1f1e8;792;144;72;72;1
1f1f8-1f1e9;864;144;72;72;1
1f1f8-1f1ea;936;144;72;72;1
1f1f8-1f1ec;0;216;72;72;1
1f1f8-1f1ed;72;216;72;72;1
1f1f8-1f1ee;144;216;72;72;1
1f1f8-1f1ef;216;216;72;72;1
1f1f8-1f1f0;288;216;72;72;1
1f1f8-1f1f1;360;216;72;72;1
1f1f8-1f1f2;432;216;72;72;1
1f1f8-1f1f3;504;216;72;72;1
1f1f8-1f1f4;576;216;72;72;1
1f1f8-1f1f7;648;216;72;72;1
1f1f8-1f1f8;720;216;72;72;1
1f1f8-1f1f9;792;216;72;72;1
1f1f8-1f1fb;864;216;72;72;1
1f1f8-1f1fd;936;216;72;72;1
1f1f8-1f1fe;0;288;72;72;1
1f1f8-1f1ff;72;288;72;72;1
1f1f8;144;288;72;72;1
1f1f9-1f1e6;216;288;72;72;1
1f1f9-1f1e8;288;288;72;72;1
1f1f9-1f1e9;360;288;72;72;1
1f1f9-1f1eb;432;288;72;72;1
1f1f9-1f1ec;504;288;72;72;1
1f1f9-1f1ed;576;288;72;72;1
1f1f9-1f1ef;648;288;72;72;1
1f1f9-1f1f0;720;288;72;72;1
1f1f9-1f1f1;792;288;72;72;1
1f1f9-1f1f2;864;288;72;72;1
1f1f9-1f1f3;936;288;72;72;1
1f1f9-1f1f4;0;360;72;72;1
1f1f9-1f1f7;72;360;72;72;1
1f1f9-1f1f9;144;360;72;72;1
1f1f9-1f1fb;216;360;72;72;1
1f1f9-1f1fc;288;360;72;72;1
1f1f9-1f1ff;360;360;72;72;1
1f1f9;432;360;72;72;1
1f1fa-1f1e6;504;360;72;72;1
1f1fa-1f1ec;576;360;72;72;1
1f1fa-1f1f2;648;360;72;72;1
1f1fa-1f1f3;720;360;72;72;1
1f1fa-1f1f8;792;360;72;72;1
1f1fa-1f1fe;864;360;72;72;1
1f1fa-1f1ff;936;360;72;72;1
1f1fa;0;432;72;72;1
1f1fb-1f1e6;72;432;72;72;1
1f1fb-1f1e8;144;432;72;72;1
1f1fb-1f1ea;216;432;72;72;1
1f1fb-1f1ec;288;432;72;72;1
1f1fb-1f1ee;360;432;72;72;1
1f1fb-1f1f3;432;432;72;72;1
1f1fb-1f1fa;504;432;72;72;1
1f1fb;576;432;72;72;1
1f1fc-1f1eb;648;432;72;72;1
1f1fc-1f1f8;720;432;72;72;1
1f1fc;792;432;72;72;1
1f1fd-1f1f0;864;432;72;72;1
1f1fd;936;432;72;72;1
1f1fe-1f1ea;0;504;72;72;1
1f1fe-1f1f9;72;504;72;72;1
1f1fe;144;504;72;72;1
1f1ff-1f1e6;216;504;72;72;1
1f1ff-1f1f2;288;504;72;72;1
1f1ff-1f1fc;360;504;72;72;1
1f1ff;432;504;72;72;1
1f201;504;504;72;72;1
1f202;576;504;72;72;1
1f21a;648;504;72;72;1
1f22f;720;504;72;72;1
1f232;792;504;72;72;1
1f233;864;504;72;72;1
1f234;936;504;72;72;1
1f235;0;576;72;72;1
1f236;72;576;72;72;1
1f237;144;576;72;72;1
1f238;216;576;72;72;1
1f239;288;576;72;72;1
1f23a;360;576;72;72;1
1f250;432;576;72;72;1
1f251;504;576;72;72;1
1f300;576;576;72;72;1
1f301;648;576;72;72;1
1f302;720;576;72;72;1
1f303;792;576;72;72;1
1f304;864;576;72;72;1
1f305;936;576;72;72;1
1f306;0;648;72;72;1
1f307;72;648;72;72;1
1f308;144;648;72;72;1
1f309;216;648;72;72;1
1f30a;288;648;72;72;1
1f30b;360;648;72;72;1
1f30c;432;648;72;72;1
1f30d;504;648;72;72;1
1f30e;576;648;72;72;1
1f30f;648;648;72;72;1
1f310;720;648;72;72;1
1f311;792;648;72;72;1
1f312;864;648;72;72;1
1f313;936;648;72;72;1
1f314;0;720;72;72;1
1f315;72;720;72;72;1
1f316;144;720;72;72;1
1f317;216;720;72;72;1
1f318;288;720;72;72;1
1f319;360;720;72;72;1
1f31a;432;720;72;72;1
1f31b;504;720;72;72;1
1f31c;576;720;72;72;1
1f31d;648;720;72;72;1
1f31e;720;720;72;72;1
1f31f;792;720;72;72;1
1f320;864;720;72;72;1
1f321;936;720;72;72;1
1f324;0;792;72;72;1
1f325;72;792;72;72;1
1f326;144;792;72;72;1
1f327;216;792;72;72;1
1f328;288;792;72;72;1
1f329;360;792;72;72;1
1f32a;432;792;72;72;1
1f32b;504;792;72;72;1
1f32c;576;792;72;72;1
1f32d;648;792;72;72;1
1f32e;720;792;72;72;1
1f32f;792;792;72;72;1
1f330;864;792;72;72;1
1f331;936;792;72;72;1
1f332;0;864;72;72;1
1f333;72;864;72;72;1
1f334;144;864;72;72;1
1f335;216;864;72;72;1
1f336;288;864;72;72;1
1f337;360;864;72;72;1
1f338;432;864;72;72;1
1f339;504;864;72;72;1
1f33a;576;864;72;72;1
1f33b;648;864;72;72;1
1f33c;720;864;72;72;1
1f33d;792;864;72;72;1
1f33e;864;864;72;72;1
1f33f;936;864;72;72;1
1f340;0;936;72;72;1
1f341;72;936;72;72;1
1f342;144;936;72;72;1
1f343;216;936;72;72;1
1f344;288;936;72;72;1
1f345;360;936;72;72;1
1f346;432;936;72;72;1
1f347;504;936;72;72;1
1f348;576;936;72;72;1
1f349;648;936;72;72;1
1f34a;720;936;72;72;1
1f34b;792;936;72;72;1
1f34c;864;936;72;72;1
1f34d;936;936;72;72;1
1f34e;0;0;72;72;2
1f34f;72;0;72;72;2
1f350;144;0;72;72;2
1f351;216;0;72;72;2
1f352;288;0;72;72;2
1f353;360;0;72;72;2
1f354;432;0;72;72;2
1f355;504;0;72;72;2
1f356;576;0;72;72;2
1f357;648;0;72;72;2
1f358;720;0;72;72;2
1f359;792;0;72;72;2
1f35a;864;0;72;72;2
1f35b;936;0;72;72;2
1f35c;0;72;72;72;2
1f35d;72;72;72;72;2
1f35e;144;72;72;72;2
1f35f;216;72;72;72;2
1f360;288;72;72;72;2
1f361;360;72;72;72;2
1f362;432;72;72;72;2
1f363;504;72;72;72;2
1f364;576;72;72;72;2
1f365;648;72;72;72;2
1f366;720;72;72;72;2
1f367;792;72;72;72;2
1f368;864;72;72;72;2
1f369;936;72;72;72;2
1f36a;0;144;72;72;2
1f36b;72;144;72;72;2
1f36c;144;144;72;72;2
1f36d;216;144;72;72;2
1f36e;288;144;72;72;2
1f36f;360;144;72;72;2
1f370;432;144;72;72;2
1f371;504;144;72;72;2
1f372;576;144;72;72;2
1f373;648;144;72;72;2
1f374;720;144;72;72;2
1f375;792;144;72;72;2
1f376;864;144;72;72;2
1f377;936;144;72;72;2
1f378;0;216;72;72;2
1f379;72;216;72;72;2
1f37a;144;216;72;72;2
1f37b;216;216;72;72;2
1f37c;288;216;72;72;2
1f37d;360;216;72;72;2
1f37e;432;216;72;72;2
1f37f;504;216;72;72;2
1f380;576;216;72;72;2
1f381;648;216;72;72;2
1f382;720;216;72;72;2
1f383;792;216;72;72;2
1f384;864;216;72;72;2
1f385-1f3fb;936;216;72;72;2
1f385-1f3fc;0;288;72;72;2
1f385-1f3fd;72;288;72;72;2
1f385-1f3fe;144;288;72;72;2
1f385-1f3ff;216;288;72;72;2
1f385;288;288;72;72;2
1f386;360;288;72;72;2
1f387;432;288;72;72;2
1f388;504;288;72;72;2
1f389;576;288;72;72;2
1f38a;648;288;72;72;2
1f38b;720;288;72;72;2
1f38c;792;288;72;72;2
1f38d;864;288;72;72;2
1f38e;936;288;72;72;2
1f38f;0;360;72;72;2
1f390;72;360;72;72;2
1f391;144;360;72;72;2
1f392;216;360;72;72;2
1f393;288;360;72;72;2
1f396;360;360;72;72;2
1f397;432;360;72;72;2
1f399;504;360;72;72;2
1f39a;576;360;72;72;2
1f39b;648;360;72;72;2
1f39e;720;360;72;72;2
1f39f;792;360;72;72;2
1f3a0;864;360;72;72;2
1f3a1;936;360;72;72;2
1f3a2;0;432;72;72;2
1f3a3;72;432;72;72;2
1f3a4;144;432;72;72;2
1f3a5;216;432;72;72;2
1f3a6;288;432;72;72;2
1f3a7;360;432;72;72;2
1f3a8;432;432;72;72;2
1f3a9;504;432;72;72;2
1f3aa;576;432;72;72;2
1f3ab;648;432;72;72;2
1f3ac;720;432;72;72;2
1f3ad;792;432;72;72;2
1f3ae;864;432;72;72;2
1f3af;936;432;72;72;2
1f3b0;0;504;72;72;2
1f3b1;72;504;72;72;2
1f3b2;144;504;72;72;2
1f3b3;216;504;72;72;2
1f3b4;288;504;72;72;2
1f3b5;360;504;72;72;2
1f3b6;432;504;72;72;2
1f3b7;504;504;72;72;2
1f3b8;576;504;72;72;2
1f3b9;648;504;72;72;2
1f3ba;720;504;72;72;2
1f3bb;792;504;72;72;2
1f3bc;864;504;72;72;2
1f3bd;936;504;72;72;2
1f3be;0;576;72;72;2
1f3bf;72;576;72;72;2
1f3c0;144;576;72;72;2
1f3c1;216;576;72;72;2
1f3c2-1f3fb;288;576;72;72;2
1f3c2-1f3fc;360;576;72;72;2
1f3c2-1f3fd;432;576;72;72;2
1f3c2-1f3fe;504;576;72;72;2
1f3c2-1f3ff;576;576;72;72;2
1f3c2;648;576;72;72;2
1f3c3-1f3fb-200d-2640-fe0f;720;576;72;72;2
1f3c3-1f3fb-200d-2642-fe0f;792;576;72;72;2
1f3c3-1f3fb;864;576;72;72;2
1f3c3-1f3fc-200d-2640-fe0f;936;576;72;72;2
1f3c3-1f3fc-200d-2642-fe0f;0;648;72;72;2
1f3c3-1f3fc;72;648;72;72;2
1f3c3-1f3fd-200d-2640-fe0f;144;648;72;72;2
1f3c3-1f3fd-200d-2642-fe0f;216;648;72;72;2
1f3c3-1f3fd;288;648;72;72;2
1f3c3-1f3fe-200d-2640-fe0f;360;648;72;72;2
1f3c3-1f3fe-200d-2642-fe0f;432;648;72;72;2
1f3c3-1f3fe;504;648;72;72;2
1f3c3-1f3ff-200d-2640-fe0f;576;648;72;72;2
1f3c3-1f3ff-200d-2642-fe0f;648;648;72;72;2
1f3c3-1f3ff;720;648;72;72;2
1f3c3-200d-2640-fe0f;792;648;72;72;2
1f3c3-200d-2642-fe0f;864;648;72;72;2
1f3c3;936;648;72;72;2
1f3c4-1f3fb-200d-2640-fe0f;0;720;72;72;2
1f3c4-1f3fb-200d-2642-fe0f;72;720;72;72;2
1f3c4-1f3fb;144;720;72;72;2
1f3c4-1f3fc-200d-2640-fe0f;216;720;72;72;2
1f3c4-1f3fc-200d-2642-fe0f;288;720;72;72;2
1f3c4-1f3fc;360;720;72;72;2
1f3c4-1f3fd-200d-2640-fe0f;432;720;72;72;2
1f3c4-1f3fd-200d-2642-fe0f;504;720;72;72;2
1f3c4-1f3fd;576;720;72;72;2
1f3c4-1f3fe-200d-2640-fe0f;648;720;72;72;2
1f3c4-1f3fe-200d-2642-fe0f;720;720;72;72;2
1f3c4-1f3fe;792;720;72;72;2
1f3c4-1f3ff-200d-2640-fe0f;864;720;72;72;2
1f3c4-1f3ff-200d-2642-fe0f;936;720;72;72;2
1f3c4-1f3ff;0;792;72;72;2
1f3c4-200d-2640-fe0f;72;792;72;72;2
1f3c4-200d-2642-fe0f;144;792;72;72;2
1f3c4;216;792;72;72;2
1f3c5;288;792;72;72;2
1f3c6;360;792;72;72;2
1f3c7-1f3fb;432;792;72;72;2
1f3c7-1f3fc;504;792;72;72;2
1f3c7-1f3fd;576;792;72;72;2
1f3c7-1f3fe;648;792;72;72;2
1f3c7-1f3ff;720;792;72;72;2
1f3c7;792;792;72;72;2
1f3c8;864;792;72;72;2
1f3c9;936;792;72;72;2
1f3ca-1f3fb-200d-2640-fe0f;0;864;72;72;2
1f3ca-1f3fb-200d-2642-fe0f;72;864;72;72;2
1f3ca-1f3fb;144;864;72;72;2
1f3ca-1f3fc-200d-2640-fe0f;216;864;72;72;2
1f3ca-1f3fc-200d-2642-fe0f;288;864;72;72;2
1f3ca-1f3fc;360;864;72;72;2
1f3ca-1f3fd-200d-2640-fe0f;432;864;72;72;2
1f3ca-1f3fd-200d-2642-fe0f;504;864;72;72;2
1f3ca-1f3fd;576;864;72;72;2
1f3ca-1f3fe-200d-2640-fe0f;648;864;72;72;2
1f3ca-1f3fe-200d-2642-fe0f;720;864;72;72;2
1f3ca-1f3fe;792;864;72;72;2
1f3ca-1f3ff-200d-2640-fe0f;864;864;72;72;2
1f3ca-1f3ff-200d-2642-fe0f;936;864;72;72;2
1f3ca-1f3ff;0;936;72;72;2
1f3ca-200d-2640-fe0f;72;936;72;72;2
1f3ca-200d-2642-fe0f;144;936;72;72;2
1f3ca;216;936;72;72;2
1f3cb-1f3fb-200d-2640-fe0f;288;936;72;72;2
1f3cb-1f3fb-200d-2642-fe0f;360;936;72;72;2
1f3cb-1f3fb;432;936;72;72;2
1f3cb-1f3fc-200d-2640-fe0f;504;936;72;72;2
1f3cb-1f3fc-200d-2642-fe0f;576;936;72;72;2
1f3cb-1f3fc;648;936;72;72;2
1f3cb-1f3fd-200d-2640-fe0f;720;936;72;72;2
1f3cb-1f3fd-200d-2642-fe0f;792;936;72;72;2
1f3cb-1f3fd;864;936;72;72;2
1f3cb-1f3fe-200d-2640-fe0f;936;936;72;72;2
1f3cb-1f3fe-200d-2642-fe0f;0;0;72;72;3
1f3cb-1f3fe;72;0;72;72;3
1f3cb-1f3ff-200d-2640-fe0f;144;0;72;72;3
1f3cb-1f3ff-200d-2642-fe0f;216;0;72;72;3
1f3cb-1f3ff;288;0;72;72;3
1f3cb-fe0f-200d-2640-fe0f;360;0;72;72;3
1f3cb-fe0f-200d-2642-fe0f;432;0;72;72;3
1f3cb;504;0;72;72;3
1f3cc-1f3fb-200d-2640-fe0f;576;0;72;72;3
1f3cc-1f3fb-200d-2642-fe0f;648;0;72;72;3
1f3cc-1f3fb;720;0;72;72;3
1f3cc-1f3fc-200d-2640-fe0f;792;0;72;72;3
1f3cc-1f3fc-200d-2642-fe0f;864;0;72;72;3
1f3cc-1f3fc;936;0;72;72;3
1f3cc-1f3fd-200d-2640-fe0f;0;72;72;72;3
1f3cc-1f3fd-200d-2642-fe0f;72;72;72;72;3
1f3cc-1f3fd;144;72;72;72;3
1f3cc-1f3fe-200d-2640-fe0f;216;72;72;72;3
1f3cc-1f3fe-200d-2642-fe0f;288;72;72;72;3
1f3cc-1f3fe;360;72;72;72;3
1f3cc-1f3ff-200d-2640-fe0f;432;72;72;72;3
1f3cc-1f3ff-200d-2642-fe0f;504;72;72;72;3
1f3cc-1f3ff;576;72;72;72;3
1f3cc-fe0f-200d-2640-fe0f;648;72;72;72;3
1f3cc-fe0f-200d-2642-fe0f;720;72;72;72;3
1f3cc;792;72;72;72;3
1f3cd;864;72;72;72;3
1f3ce;936;72;72;72;3
1f3cf;0;144;72;72;3
1f3d0;72;144;72;72;3
1f3d1;144;144;72;72;3
1f3d2;216;144;72;72;3
1f3d3;288;144;72;72;3
1f3d4;360;144;72;72;3
1f3d5;432;144;72;72;3
1f3d6;504;144;72;72;3
1f3d7;576;144;72;72;3
1f3d8;648;144;72;72;3
1f3d9;720;144;72;72;3
1f3da;792;144;72;72;3
1f3db;864;144;72;72;3
1f3dc;936;144;72;72;3
1f3dd;0;216;72;72;3
1f3de;72;216;72;72;3
1f3df;144;216;72;72;3
1f3e0;216;216;72;72;3
1f3e1;288;216;72;72;3
1f3e2;360;216;72;72;3
1f3e3;432;216;72;72;3
1f3e4;504;216;72;72;3
1f3e5;576;216;72;72;3
1f3e6;648;216;72;72;3
1f3e7;720;216;72;72;3
1f3e8;792;216;72;72;3
1f3e9;864;216;72;72;3
1f3ea;936;216;72;72;3
1f3eb;0;288;72;72;3
1f3ec;72;288;72;72;3
1f3ed;144;288;72;72;3
1f3ee;216;288;72;72;3
1f3ef;288;288;72;72;3
1f3f0;360;288;72;72;3
1f3f3-fe0f-200d-1f308;432;288;72;72;3
1f3f3;504;288;72;72;3
1f3f4-200d-2620-fe0f;576;288;72;72;3
1f3f4-e0067-e0062-e0065-e006e-e0067-e007f;648;288;72;72;3
1f3f4-e0067-e0062-e0073-e0063-e0074-e007f;720;288;72;72;3
1f3f4-e0067-e0062-e0077-e006c-e0073-e007f;792;288;72;72;3
1f3f4;864;288;72;72;3
1f3f5;936;288;72;72;3
1f3f7;0;360;72;72;3
1f3f8;72;360;72;72;3
1f3f9;144;360;72;72;3
1f3fa;216;360;72;72;3
1f3fb;288;360;72;72;3
1f3fc;360;360;72;72;3
1f3fd;432;360;72;72;3
1f3fe;504;360;72;72;3
1f3ff;576;360;72;72;3
1f400;648;360;72;72;3
1f401;720;360;72;72;3
1f402;792;360;72;72;3
1f403;864;360;72;72;3
1f404;936;360;72;72;3
1f405;0;432;72;72;3
1f406;72;432;72;72;3
1f407;144;432;72;72;3
1f408;216;432;72;72;3
1f409;288;432;72;72;3
1f40a;360;432;72;72;3
1f40b;432;432;72;72;3
1f40c;504;432;72;72;3
1f40d;576;432;72;72;3
1f40e;648;432;72;72;3
1f40f;720;432;72;72;3
1f410;792;432;72;72;3
1f411;864;432;72;72;3
1f412;936;432;72;72;3
1f413;0;504;72;72;3
1f414;72;504;72;72;3
1f415-200d-1f9ba;144;504;72;72;3
1f415;216;504;72;72;3
1f416;288;504;72;72;3
1f417;360;504;72;72;3
1f418;432;504;72;72;3
1f419;504;504;72;72;3
1f41a;576;504;72;72;3
1f41b;648;504;72;72;3
1f41c;720;504;72;72;3
1f41d;792;504;72;72;3
1f41e;864;504;72;72;3
1f41f;936;504;72;72;3
1f420;0;576;72;72;3
1f421;72;576;72;72;3
1f422;144;576;72;72;3
1f423;216;576;72;72;3
1f424;288;576;72;72;3
1f425;360;576;72;72;3
1f426;432;576;72;72;3
1f427;504;576;72;72;3
1f428;576;576;72;72;3
1f429;648;576;72;72;3
1f42a;720;576;72;72;3
1f42b;792;576;72;72;3
1f42c;864;576;72;72;3
1f42d;936;576;72;72;3
1f42e;0;648;72;72;3
1f42f;72;648;72;72;3
1f430;144;648;72;72;3
1f431;216;648;72;72;3
1f432;288;648;72;72;3
1f433;360;648;72;72;3
1f434;432;648;72;72;3
1f435;504;648;72;72;3
1f436;576;648;72;72;3
1f437;648;648;72;72;3
1f438;720;648;72;72;3
1f439;792;648;72;72;3
1f43a;864;648;72;72;3
1f43b;936;648;72;72;3
1f43c;0;720;72;72;3
1f43d;72;720;72;72;3
1f43e;144;720;72;72;3
1f43f;216;720;72;72;3
1f440;288;720;72;72;3
1f441-200d-1f5e8;360;720;72;72;3
1f441-fe0f-200d-1f5e8-fe0f;432;720;72;72;3
1f441;504;720;72;72;3
1f442-1f3fb;576;720;72;72;3
1f442-1f3fc;648;720;72;72;3
1f442-1f3fd;720;720;72;72;3
1f442-1f3fe;792;720;72;72;3
1f442-1f3ff;864;720;72;72;3
1f442;936;720;72;72;3
1f443-1f3fb;0;792;72;72;3
1f443-1f3fc;72;792;72;72;3
1f443-1f3fd;144;792;72;72;3
1f443-1f3fe;216;792;72;72;3
1f443-1f3ff;288;792;72;72;3
1f443;360;792;72;72;3
1f444;432;792;72;72;3
1f445;504;792;72;72;3
1f446-1f3fb;576;792;72;72;3
1f446-1f3fc;648;792;72;72;3
1f446-1f3fd;720;792;72;72;3
1f446-1f3fe;792;792;72;72;3
1f446-1f3ff;864;792;72;72;3
1f446;936;792;72;72;3
1f447-1f3fb;0;864;72;72;3
1f447-1f3fc;72;864;72;72;3
1f447-1f3fd;144;864;72;72;3
1f447-1f3fe;216;864;72;72;3
1f447-1f3ff;288;864;72;72;3
1f447;360;864;72;72;3
1f448-1f3fb;432;864;72;72;3
1f448-1f3fc;504;864;72;72;3
1f448-1f3fd;576;864;72;72;3
1f448-1f3fe;648;864;72;72;3
1f448-1f3ff;720;864;72;72;3
1f448;792;864;72;72;3
1f449-1f3fb;864;864;72;72;3
1f449-1f3fc;936;864;72;72;3
1f449-1f3fd;0;936;72;72;3
1f449-1f3fe;72;936;72;72;3
1f449-1f3ff;144;936;72;72;3
1f449;216;936;72;72;3
1f44a-1f3fb;288;936;72;72;3
1f44a-1f3fc;360;936;72;72;3
1f44a-1f3fd;432;936;72;72;3
1f44a-1f3fe;504;936;72;72;3
1f44a-1f3ff;576;936;72;72;3
1f44a;648;936;72;72;3
1f44b-1f3fb;720;936;72;72;3
1f44b-1f3fc;792;936;72;72;3
1f44b-1f3fd;864;936;72;72;3
1f44b-1f3fe;936;936;72;72;3
1f44b-1f3ff;0;0;72;72;4
1f44b;72;0;72;72;4
1f44c-1f3fb;144;0;72;72;4
1f44c-1f3fc;216;0;72;72;4
1f44c-1f3fd;288;0;72;72;4
1f44c-1f3fe;360;0;72;72;4
1f44c-1f3ff;432;0;72;72;4
1f44c;504;0;72;72;4
1f44d-1f3fb;576;0;72;72;4
1f44d-1f3fc;648;0;72;72;4
1f44d-1f3fd;720;0;72;72;4
1f44d-1f3fe;792;0;72;72;4
1f44d-1f3ff;864;0;72;72;4
1f44d;936;0;72;72;4
1f44e-1f3fb;0;72;72;72;4
1f44e-1f3fc;72;72;72;72;4
1f44e-1f3fd;144;72;72;72;4
1f44e-1f3fe;216;72;72;72;4
1f44e-1f3ff;288;72;72;72;4
1f44e;360;72;72;72;4
1f44f-1f3fb;432;72;72;72;4
1f44f-1f3fc;504;72;72;72;4
1f44f-1f3fd;576;72;72;72;4
1f44f-1f3fe;648;72;72;72;4
1f44f-1f3ff;720;72;72;72;4
1f44f;792;72;72;72;4
1f450-1f3fb;864;72;72;72;4
1f450-1f3fc;936;72;72;72;4
1f450-1f3fd;0;144;72;72;4
1f450-1f3fe;72;144;72;72;4
1f450-1f3ff;144;144;72;72;4
1f450;216;144;72;72;4
1f451;288;144;72;72;4
1f452;360;144;72;72;4
1f453;432;144;72;72;4
1f454;504;144;72;72;4
1f455;576;144;72;72;4
1f456;648;144;72;72;4
1f457;720;144;72;72;4
1f458;792;144;72;72;4
1f459;864;144;72;72;4
1f45a;936;144;72;72;4
1f45b;0;216;72;72;4
1f45c;72;216;72;72;4
1f45d;144;216;72;72;4
1f45e;216;216;72;72;4
1f45f;288;216;72;72;4
1f460;360;216;72;72;4
1f461;432;216;72;72;4
1f462;504;216;72;72;4
1f463;576;216;72;72;4
1f464;648;216;72;72;4
1f465;720;216;72;72;4
1f466-1f3fb;792;216;72;72;4
1f466-1f3fc;864;216;72;72;4
1f466-1f3fd;936;216;72;72;4
1f466-1f3fe;0;288;72;72;4
1f466-1f3ff;72;288;72;72;4
1f466;144;288;72;72;4
1f467-1f3fb;216;288;72;72;4
1f467-1f3fc;288;288;72;72;4
1f467-1f3fd;360;288;72;72;4
1f467-1f3fe;432;288;72;72;4
1f467-1f3ff;504;288;72;72;4
1f467;576;288;72;72;4
1f468-1f3fb-200d-1f33e;648;288;72;72;4
1f468-1f3fb-200d-1f373;720;288;72;72;4
1f468-1f3fb-200d-1f393;792;288;72;72;4
1f468-1f3fb-200d-1f3a4;864;288;72;72;4
1f468-1f3fb-200d-1f3a8;936;288;72;72;4
1f468-1f3fb-200d-1f3eb;0;360;72;72;4
1f468-1f3fb-200d-1f3ed;72;360;72;72;4
1f468-1f3fb-200d-1f4bb;144;360;72;72;4
1f468-1f3fb-200d-1f4bc;216;360;72;72;4
1f468-1f3fb-200d-1f527;288;360;72;72;4
1f468-1f3fb-200d-1f52c;360;360;72;72;4
1f468-1f3fb-200d-1f680;432;360;72;72;4
1f468-1f3fb-200d-1f692;504;360;72;72;4
1f468-1f3fb-200d-1f9af;576;360;72;72;4
1f468-1f3fb-200d-1f9b0;648;360;72;72;4
1f468-1f3fb-200d-1f9b1;720;360;72;72;4
1f468-1f3fb-200d-1f9b2;792;360;72;72;4
1f468-1f3fb-200d-1f9b3;864;360;72;72;4
1f468-1f3fb-200d-1f9bc;936;360;72;72;4
1f468-1f3fb-200d-1f9bd;0;432;72;72;4
1f468-1f3fb-200d-2695-fe0f;72;432;72;72;4
1f468-1f3fb-200d-2696-fe0f;144;432;72;72;4
1f468-1f3fb-200d-2708-fe0f;216;432;72;72;4
1f468-1f3fb;288;432;72;72;4
1f468-1f3fc-200d-1f33e;360;432;72;72;4
1f468-1f3fc-200d-1f373;432;432;72;72;4
1f468-1f3fc-200d-1f393;504;432;72;72;4
1f468-1f3fc-200d-1f3a4;576;432;72;72;4
1f468-1f3fc-200d-1f3a8;648;432;72;72;4
1f468-1f3fc-200d-1f3eb;720;432;72;72;4
1f468-1f3fc-200d-1f3ed;792;432;72;72;4
1f468-1f3fc-200d-1f4bb;864;432;72;72;4
1f468-1f3fc-200d-1f4bc;936;432;72;72;4
1f468-1f3fc-200d-1f527;0;504;72;72;4
1f468-1f3fc-200d-1f52c;72;504;72;72;4
1f468-1f3fc-200d-1f680;144;504;72;72;4
1f468-1f3fc-200d-1f692;216;504;72;72;4
1f468-1f3fc-200d-1f91d-200d-1f468-1f3fb;288;504;72;72;4
1f468-1f3fc-200d-1f9af;360;504;72;72;4
1f468-1f3fc-200d-1f9b0;432;504;72;72;4
1f468-1f3fc-200d-1f9b1;504;504;72;72;4
1f468-1f3fc-200d-1f9b2;576;504;72;72;4
1f468-1f3fc-200d-1f9b3;648;504;72;72;4
1f468-1f3fc-200d-1f9bc;720;504;72;72;4
1f468-1f3fc-200d-1f9bd;792;504;72;72;4
1f468-1f3fc-200d-2695-fe0f;864;504;72;72;4
1f468-1f3fc-200d-2696-fe0f;936;504;72;72;4
1f468-1f3fc-200d-2708-fe0f;0;576;72;72;4
1f468-1f3fc;72;576;72;72;4
1f468-1f3fd-200d-1f33e;144;576;72;72;4
1f468-1f3fd-200d-1f373;216;576;72;72;4
1f468-1f3fd-200d-1f393;288;576;72;72;4
1f468-1f3fd-200d-1f3a4;360;576;72;72;4
1f468-1f3fd-200d-1f3a8;432;576;72;72;4
1f468-1f3fd-200d-1f3eb;504;576;72;72;4
1f468-1f3fd-200d-1f3ed;576;576;72;72;4
1f468-1f3fd-200d-1f4bb;648;576;72;72;4
1f468-1f3fd-200d-1f4bc;720;576;72;72;4
1f468-1f3fd-200d-1f527;792;576;72;72;4
1f468-1f3fd-200d-1f52c;864;576;72;72;4
1f468-1f3fd-200d-1f680;936;576;72;72;4
1f468-1f3fd-200d-1f692;0;648;72;72;4
1f468-1f3fd-200d-1f91d-200d-1f468-1f3fb;72;648;72;72;4
1f468-1f3fd-200d-1f91d-200d-1f468-1f3fc;144;648;72;72;4
1f468-1f3fd-200d-1f9af;216;648;72;72;4
1f468-1f3fd-200d-1f9b0;288;648;72;72;4
1f468-1f3fd-200d-1f9b1;360;648;72;72;4
1f468-1f3fd-200d-1f9b2;432;648;72;72;4
1f468-1f3fd-200d-1f9b3;504;648;72;72;4
1f468-1f3fd-200d-1f9bc;576;648;72;72;4
1f468-1f3fd-200d-1f9bd;648;648;72;72;4
1f468-1f3fd-200d-2695-fe0f;720;648;72;72;4
1f468-1f3fd-200d-2696-fe0f;792;648;72;72;4
1f468-1f3fd-200d-2708-fe0f;864;648;72;72;4
1f468-1f3fd;936;648;72;72;4
1f468-1f3fe-200d-1f33e;0;720;72;72;4
1f468-1f3fe-200d-1f373;72;720;72;72;4
1f468-1f3fe-200d-1f393;144;720;72;72;4
1f468-1f3fe-200d-1f3a4;216;720;72;72;4
1f468-1f3fe-200d-1f3a8;288;720;72;72;4
1f468-1f3fe-200d-1f3eb;360;720;72;72;4
1f468-1f3fe-200d-1f3ed;432;720;72;72;4
1f468-1f3fe-200d-1f4bb;504;720;72;72;4
1f468-1f3fe-200d-1f4bc;576;720;72;72;4
1f468-1f3fe-200d-1f527;648;720;72;72;4
1f468-1f3fe-200d-1f52c;720;720;72;72;4
1f468-1f3fe-200d-1f680;792;720;72;72;4
1f468-1f3fe-200d-1f692;864;720;72;72;4
1f468-1f3fe-200d-1f91d-200d-1f468-1f3fb;936;720;72;72;4
1f468-1f3fe-200d-1f91d-200d-1f468-1f3fc;0;792;72;72;4
1f468-1f3fe-200d-1f91d-200d-1f468-1f3fd;72;792;72;72;4
1f468-1f3fe-200d-1f9af;144;792;72;72;4
1f468-1f3fe-200d-1f9b0;216;792;72;72;4
1f468-1f3fe-200d-1f9b1;288;792;72;72;4
1f468-1f3fe-200d-1f9b2;360;792;72;72;4
1f468-1f3fe-200d-1f9b3;432;792;72;72;4
1f468-1f3fe-200d-1f9bc;504;792;72;72;4
1f468-1f3fe-200d-1f9bd;576;792;72;72;4
1f468-1f3fe-200d-2695-fe0f;648;792;72;72;4
1f468-1f3fe-200d-2696-fe0f;720;792;72;72;4
1f468-1f3fe-200d-2708-fe0f;792;792;72;72;4
1f468-1f3fe;864;792;72;72;4
1f468-1f3ff-200d-1f33e;936;792;72;72;4
1f468-1f3ff-200d-1f373;0;864;72;72;4
1f468-1f3ff-200d-1f393;72;864;72;72;4
1f468-1f3ff-200d-1f3a4;144;864;72;72;4
1f468-1f3ff-200d-1f3a8;216;864;72;72;4
1f468-1f3ff-200d-1f3eb;288;864;72;72;4
1f468-1f3ff-200d-1f3ed;360;864;72;72;4
1f468-1f3ff-200d-1f4bb;432;864;72;72;4
1f468-1f3ff-200d-1f4bc;504;864;72;72;4
1f468-1f3ff-200d-1f527;576;864;72;72;4
1f468-1f3ff-200d-1f52c;648;864;72;72;4
1f468-1f3ff-200d-1f680;720;864;72;72;4
1f468-1f3ff-200d-1f692;792;864;72;72;4
1f468-1f3ff-200d-1f91d-200d-1f468-1f3fb;864;864;72;72;4
1f468-1f3ff-200d-1f91d-200d-1f468-1f3fc;936;864;72;72;4
1f468-1f3ff-200d-1f91d-200d-1f468-1f3fd;0;936;72;72;4
1f468-1f3ff-200d-1f91d-200d-1f468-1f3fe;72;936;72;72;4
1f468-1f3ff-200d-1f9af;144;936;72;72;4
1f468-1f3ff-200d-1f9b0;216;936;72;72;4
1f468-1f3ff-200d-1f9b1;288;936;72;72;4
1f468-1f3ff-200d-1f9b2;360;936;72;72;4
1f468-1f3ff-200d-1f9b3;432;936;72;72;4
1f468-1f3ff-200d-1f9bc;504;936;72;72;4
1f468-1f3ff-200d-1f9bd;576;936;72;72;4
1f468-1f3ff-200d-2695-fe0f;648;936;72;72;4
1f468-1f3ff-200d-2696-fe0f;720;936;72;72;4
1f468-1f3ff-200d-2708-fe0f;792;936;72;72;4
1f468-1f3ff;864;936;72;72;4
1f468-200d-1f33e;936;936;72;72;4
1f468-200d-1f373;0;0;72;72;5
1f468-200d-1f393;72;0;72;72;5
1f468-200d-1f3a4;144;0;72;72;5
1f468-200d-1f3a8;216;0;72;72;5
1f468-200d-1f3eb;288;0;72;72;5
1f468-200d-1f3ed;360;0;72;72;5
1f468-200d-1f466-200d-1f466;432;0;72;72;5
1f468-200d-1f466;504;0;72;72;5
1f468-200d-1f467-200d-1f466;576;0;72;72;5
1f468-200d-1f467-200d-1f467;648;0;72;72;5
1f468-200d-1f467;720;0;72;72;5
1f468-200d-1f468-200d-1f466-200d-1f466;792;0;72;72;5
1f468-200d-1f468-200d-1f466;864;0;72;72;5
1f468-200d-1f468-200d-1f467-200d-1f466;936;0;72;72;5
1f468-200d-1f468-200d-1f467-200d-1f467;0;72;72;72;5
1f468-200d-1f468-200d-1f467;72;72;72;72;5
1f468-200d-1f469-200d-1f466-200d-1f466;144;72;72;72;5
1f468-200d-1f469-200d-1f466;216;72;72;72;5
1f468-200d-1f469-200d-1f467-200d-1f466;288;72;72;72;5
1f468-200d-1f469-200d-1f467-200d-1f467;360;72;72;72;5
1f468-200d-1f469-200d-1f467;432;72;72;72;5
1f468-200d-1f4bb;504;72;72;72;5
1f468-200d-1f4bc;576;72;72;72;5
1f468-200d-1f527;648;72;72;72;5
1f468-200d-1f52c;720;72;72;72;5
1f468-200d-1f680;792;72;72;72;5
1f468-200d-1f692;864;72;72;72;5
1f468-200d-1f9af;936;72;72;72;5
1f468-200d-1f9b0;0;144;72;72;5
1f468-200d-1f9b1;72;144;72;72;5
1f468-200d-1f9b2;144;144;72;72;5
1f468-200d-1f9b3;216;144;72;72;5
1f468-200d-1f9bc;288;144;72;72;5
1f468-200d-1f9bd;360;144;72;72;5
1f468-200d-2695-fe0f;432;144;72;72;5
1f468-200d-2696-fe0f;504;144;72;72;5
1f468-200d-2708-fe0f;576;144;72;72;5
1f468-200d-2764-fe0f-200d-1f468;648;144;72;72;5
1f468-200d-2764-fe0f-200d-1f48b-200d-1f468;720;144;72;72;5
1f468;792;144;72;72;5
1f469-1f3fb-200d-1f33e;864;144;72;72;5
1f469-1f3fb-200d-1f373;936;144;72;72;5
1f469-1f3fb-200d-1f393;0;216;72;72;5
1f469-1f3fb-200d-1f3a4;72;216;72;72;5
1f469-1f3fb-200d-1f3a8;144;216;72;72;5
1f469-1f3fb-200d-1f3eb;216;216;72;72;5
1f469-1f3fb-200d-1f3ed;288;216;72;72;5
1f469-1f3fb-200d-1f4bb;360;216;72;72;5
1f469-1f3fb-200d-1f4bc;432;216;72;72;5
1f469-1f3fb-200d-1f527;504;216;72;72;5
1f469-1f3fb-200d-1f52c;576;216;72;72;5
1f469-1f3fb-200d-1f680;648;216;72;72;5
1f469-1f3fb-200d-1f692;720;216;72;72;5
1f469-1f3fb-200d-1f91d-200d-1f468-1f3fc;792;216;72;72;5
1f469-1f3fb-200d-1f91d-200d-1f468-1f3fd;864;216;72;72;5
1f469-1f3fb-200d-1f91d-200d-1f468-1f3fe;936;216;72;72;5
1f469-1f3fb-200d-1f91d-200d-1f468-1f3ff;0;288;72;72;5
1f469-1f3fb-200d-1f9af;72;288;72;72;5
1f469-1f3fb-200d-1f9b0;144;288;72;72;5
1f469-1f3fb-200d-1f9b1;216;288;72;72;5
1f469-1f3fb-200d-1f9b2;288;288;72;72;5
1f469-1f3fb-200d-1f9b3;360;288;72;72;5
1f469-1f3fb-200d-1f9bc;432;288;72;72;5
1f469-1f3fb-200d-1f9bd;504;288;72;72;5
1f469-1f3fb-200d-2695-fe0f;576;288;72;72;5
1f469-1f3fb-200d-2696-fe0f;648;288;72;72;5
1f469-1f3fb-200d-2708-fe0f;720;288;72;72;5
1f469-1f3fb;792;288;72;72;5
1f469-1f3fc-200d-1f33e;864;288;72;72;5
1f469-1f3fc-200d-1f373;936;288;72;72;5
1f469-1f3fc-200d-1f393;0;360;72;72;5
1f469-1f3fc-200d-1f3a4;72;360;72;72;5
1f469-1f3fc-200d-1f3a8;144;360;72;72;5
1f469-1f3fc-200d-1f3eb;216;360;72;72;5
1f469-1f3fc-200d-1f3ed;288;360;72;72;5
1f469-1f3fc-200d-1f4bb;360;360;72;72;5
1f469-1f3fc-200d-1f4bc;432;360;72;72;5
1f469-1f3fc-200d-1f527;504;360;72;72;5
1f469-1f3fc-200d-1f52c;576;360;72;72;5
1f469-1f3fc-200d-1f680;648;360;72;72;5
1f469-1f3fc-200d-1f692;720;360;72;72;5
1f469-1f3fc-200d-1f91d-200d-1f468-1f3fb;792;360;72;72;5
1f469-1f3fc-200d-1f91d-200d-1f468-1f3fd;864;360;72;72;5
1f469-1f3fc-200d-1f91d-200d-1f468-1f3fe;936;360;72;72;5
1f469-1f3fc-200d-1f91d-200d-1f468-1f3ff;0;432;72;72;5
1f469-1f3fc-200d-1f91d-200d-1f469-1f3fb;72;432;72;72;5
1f469-1f3fc-200d-1f9af;144;432;72;72;5
1f469-1f3fc-200d-1f9b0;216;432;72;72;5
1f469-1f3fc-200d-1f9b1;288;432;72;72;5
1f469-1f3fc-200d-1f9b2;360;432;72;72;5
1f469-1f3fc-200d-1f9b3;432;432;72;72;5
1f469-1f3fc-200d-1f9bc;504;432;72;72;5
1f469-1f3fc-200d-1f9bd;576;432;72;72;5
1f469-1f3fc-200d-2695-fe0f;648;432;72;72;5
1f469-1f3fc-200d-2696-fe0f;720;432;72;72;5
1f469-1f3fc-200d-2708-fe0f;792;432;72;72;5
1f469-1f3fc;864;432;72;72;5
1f469-1f3fd-200d-1f33e;936;432;72;72;5
1f469-1f3fd-200d-1f373;0;504;72;72;5
1f469-1f3fd-200d-1f393;72;504;72;72;5
1f469-1f3fd-200d-1f3a4;144;504;72;72;5
1f469-1f3fd-200d-1f3a8;216;504;72;72;5
1f469-1f3fd-200d-1f3eb;288;504;72;72;5
1f469-1f3fd-200d-1f3ed;360;504;72;72;5
1f469-1f3fd-200d-1f4bb;432;504;72;72;5
1f469-1f3fd-200d-1f4bc;504;504;72;72;5
1f469-1f3fd-200d-1f527;576;504;72;72;5
1f469-1f3fd-200d-1f52c;648;504;72;72;5
1f469-1f3fd-200d-1f680;720;504;72;72;5
1f469-1f3fd-200d-1f692;792;504;72;72;5
1f469-1f3fd-200d-1f91d-200d-1f468-1f3fb;864;504;72;72;5
1f469-1f3fd-200d-1f91d-200d-1f468-1f3fc;936;504;72;72;5
1f469-1f3fd-200d-1f91d-200d-1f468-1f3fe;0;576;72;72;5
1f469-1f3fd-200d-1f91d-200d-1f468-1f3ff;72;576;72;72;5
1f469-1f3fd-200d-1f91d-200d-1f469-1f3fb;144;576;72;72;5
1f469-1f3fd-200d-1f91d-200d-1f469-1f3fc;216;576;72;72;5
1f469-1f3fd-200d-1f9af;288;576;72;72;5
1f469-1f3fd-200d-1f9b0;360;576;72;72;5
1f469-1f3fd-200d-1f9b1;432;576;72;72;5
1f469-1f3fd-200d-1f9b2;504;576;72;72;5
1f469-1f3fd-200d-1f9b3;576;576;72;72;5
1f469-1f3fd-200d-1f9bc;648;576;72;72;5
1f469-1f3fd-200d-1f9bd;720;576;72;72;5
1f469-1f3fd-200d-2695-fe0f;792;576;72;72;5
1f469-1f3fd-200d-2696-fe0f;864;576;72;72;5
1f469-1f3fd-200d-2708-fe0f;936;576;72;72;5
1f469-1f3fd;0;648;72;72;5
1f469-1f3fe-200d-1f33e;72;648;72;72;5
1f469-1f3fe-200d-1f373;144;648;72;72;5
1f469-1f3fe-200d-1f393;216;648;72;72;5
1f469-1f3fe-200d-1f3a4;288;648;72;72;5
1f469-1f3fe-200d-1f3a8;360;648;72;72;5
1f469-1f3fe-200d-1f3eb;432;648;72;72;5
1f469-1f3fe-200d-1f3ed;504;648;72;72;5
1f469-1f3fe-200d-1f4bb;576;648;72;72;5
1f469-1f3fe-200d-1f4bc;648;648;72;72;5
1f469-1f3fe-200d-1f527;720;648;72;72;5
1f469-1f3fe-200d-1f52c;792;648;72;72;5
1f469-1f3fe-200d-1f680;864;648;72;72;5
1f469-1f3fe-200d-1f692;936;648;72;72;5
1f469-1f3fe-200d-1f91d-200d-1f468-1f3fb;0;720;72;72;5
1f469-1f3fe-200d-1f91d-200d-1f468-1f3fc;72;720;72;72;5
1f469-1f3fe-200d-1f91d-200d-1f468-1f3fd;144;720;72;72;5
1f469-1f3fe-200d-1f91d-200d-1f468-1f3ff;216;720;72;72;5
1f469-1f3fe-200d-1f91d-200d-1f469-1f3fb;288;720;72;72;5
1f469-1f3fe-200d-1f91d-200d-1f469-1f3fc;360;720;72;72;5
1f469-1f3fe-200d-1f91d-200d-1f469-1f3fd;432;720;72;72;5
1f469-1f3fe-200d-1f9af;504;720;72;72;5
1f469-1f3fe-200d-1f9b0;576;720;72;72;5
1f469-1f3fe-200d-1f9b1;648;720;72;72;5
1f469-1f3fe-200d-1f9b2;720;720;72;72;5
1f469-1f3fe-200d-1f9b3;792;720;72;72;5
1f469-1f3fe-200d-1f9bc;864;720;72;72;5
1f469-1f3fe-200d-1f9bd;936;720;72;72;5
1f469-1f3fe-200d-2695-fe0f;0;792;72;72;5
1f469-1f3fe-200d-2696-fe0f;72;792;72;72;5
1f469-1f3fe-200d-2708-fe0f;144;792;72;72;5
1f469-1f3fe;216;792;72;72;5
1f469-1f3ff-200d-1f33e;288;792;72;72;5
1f469-1f3ff-200d-1f373;360;792;72;72;5
1f469-1f3ff-200d-1f393;432;792;72;72;5
1f469-1f3ff-200d-1f3a4;504;792;72;72;5
1f469-1f3ff-200d-1f3a8;576;792;72;72;5
1f469-1f3ff-200d-1f3eb;648;792;72;72;5
1f469-1f3ff-200d-1f3ed;720;792;72;72;5
1f469-1f3ff-200d-1f4bb;792;792;72;72;5
1f469-1f3ff-200d-1f4bc;864;792;72;72;5
1f469-1f3ff-200d-1f527;936;792;72;72;5
1f469-1f3ff-200d-1f52c;0;864;72;72;5
1f469-1f3ff-200d-1f680;72;864;72;72;5
1f469-1f3ff-200d-1f692;144;864;72;72;5
1f469-1f3ff-200d-1f91d-200d-1f468-1f3fb;216;864;72;72;5
1f469-1f3ff-200d-1f91d-200d-1f468-1f3fc;288;864;72;72;5
1f469-1f3ff-200d-1f91d-200d-1f468-1f3fd;360;864;72;72;5
1f469-1f3ff-200d-1f91d-200d-1f468-1f3fe;432;864;72;72;5
1f469-1f3ff-200d-1f91d-200d-1f469-1f3fb;504;864;72;72;5
1f469-1f3ff-200d-1f91d-200d-1f469-1f3fc;576;864;72;72;5
1f469-1f3ff-200d-1f91d-200d-1f469-1f3fd;648;864;72;72;5
1f469-1f3ff-200d-1f91d-200d-1f469-1f3fe;720;864;72;72;5
1f469-1f3ff-200d-1f9af;792;864;72;72;5
1f469-1f3ff-200d-1f9b0;864;864;72;72;5
1f469-1f3ff-200d-1f9b1;936;864;72;72;5
1f469-1f3ff-200d-1f9b2;0;936;72;72;5
1f469-1f3ff-200d-1f9b3;72;936;72;72;5
1f469-1f3ff-200d-1f9bc;144;936;72;72;5
1f469-1f3ff-200d-1f9bd;216;936;72;72;5
1f469-1f3ff-200d-2695-fe0f;288;936;72;72;5
1f469-1f3ff-200d-2696-fe0f;360;936;72;72;5
1f469-1f3ff-200d-2708-fe0f;432;936;72;72;5
1f469-1f3ff;504;936;72;72;5
1f469-200d-1f33e;576;936;72;72;5
1f469-200d-1f373;648;936;72;72;5
1f469-200d-1f393;720;936;72;72;5
1f469-200d-1f3a4;792;936;72;72;5
1f469-200d-1f3a8;864;936;72;72;5
1f469-200d-1f3eb;936;936;72;72;5
1f469-200d-1f3ed;0;0;72;72;6
1f469-200d-1f466-200d-1f466;72;0;72;72;6
1f469-200d-1f466;144;0;72;72;6
1f469-200d-1f467-200d-1f466;216;0;72;72;6
1f469-200d-1f467-200d-1f467;288;0;72;72;6
1f469-200d-1f467;360;0;72;72;6
1f469-200d-1f469-200d-1f466-200d-1f466;432;0;72;72;6
1f469-200d-1f469-200d-1f466;504;0;72;72;6
1f469-200d-1f469-200d-1f467-200d-1f466;576;0;72;72;6
1f469-200d-1f469-200d-1f467-200d-1f467;648;0;72;72;6
1f469-200d-1f469-200d-1f467;720;0;72;72;6
1f469-200d-1f4bb;792;0;72;72;6
1f469-200d-1f4bc;864;0;72;72;6
1f469-200d-1f527;936;0;72;72;6
1f469-200d-1f52c;0;72;72;72;6
1f469-200d-1f680;72;72;72;72;6
1f469-200d-1f692;144;72;72;72;6
1f469-200d-1f9af;216;72;72;72;6
1f469-200d-1f9b0;288;72;72;72;6
1f469-200d-1f9b1;360;72;72;72;6
1f469-200d-1f9b2;432;72;72;72;6
1f469-200d-1f9b3;504;72;72;72;6
1f469-200d-1f9bc;576;72;72;72;6
1f469-200d-1f9bd;648;72;72;72;6
1f469-200d-2695-fe0f;720;72;72;72;6
1f469-200d-2696-fe0f;792;72;72;72;6
1f469-200d-2708-fe0f;864;72;72;72;6
1f469-200d-2764-fe0f-200d-1f468;936;72;72;72;6
1f469-200d-2764-fe0f-200d-1f469;0;144;72;72;6
1f469-200d-2764-fe0f-200d-1f48b-200d-1f468;72;144;72;72;6
1f469-200d-2764-fe0f-200d-1f48b-200d-1f469;144;144;72;72;6
1f469;216;144;72;72;6
1f46a;288;144;72;72;6
1f46b-1f3fb;360;144;72;72;6
1f46b-1f3fc;432;144;72;72;6
1f46b-1f3fd;504;144;72;72;6
1f46b-1f3fe;576;144;72;72;6
1f46b-1f3ff;648;144;72;72;6
1f46b;720;144;72;72;6
1f46c-1f3fb;792;144;72;72;6
1f46c-1f3fc;864;144;72;72;6
1f46c-1f3fd;936;144;72;72;6
1f46c-1f3fe;0;216;72;72;6
1f46c-1f3ff;72;216;72;72;6
1f46c;144;216;72;72;6
1f46d-1f3fb;216;216;72;72;6
1f46d-1f3fc;288;216;72;72;6
1f46d-1f3fd;360;216;72;72;6
1f46d-1f3fe;432;216;72;72;6
1f46d-1f3ff;504;216;72;72;6
1f46d;576;216;72;72;6
1f46e-1f3fb-200d-2640-fe0f;648;216;72;72;6
1f46e-1f3fb-200d-2642-fe0f;720;216;72;72;6
1f46e-1f3fb;792;216;72;72;6
1f46e-1f3fc-200d-2640-fe0f;864;216;72;72;6
1f46e-1f3fc-200d-2642-fe0f;936;216;72;72;6
1f46e-1f3fc;0;288;72;72;6
1f46e-1f3fd-200d-2640-fe0f;72;288;72;72;6
1f46e-1f3fd-200d-2642-fe0f;144;288;72;72;6
1f46e-1f3fd;216;288;72;72;6
1f46e-1f3fe-200d-2640-fe0f;288;288;72;72;6
1f46e-1f3fe-200d-2642-fe0f;360;288;72;72;6
1f46e-1f3fe;432;288;72;72;6
1f46e-1f3ff-200d-2640-fe0f;504;288;72;72;6
1f46e-1f3ff-200d-2642-fe0f;576;288;72;72;6
1f46e-1f3ff;648;288;72;72;6
1f46e-200d-2640-fe0f;720;288;72;72;6
1f46e-200d-2642-fe0f;792;288;72;72;6
1f46e;864;288;72;72;6
1f46f-200d-2640-fe0f;936;288;72;72;6
1f46f-200d-2642-fe0f;0;360;72;72;6
1f46f;72;360;72;72;6
1f470-1f3fb;144;360;72;72;6
1f470-1f3fc;216;360;72;72;6
1f470-1f3fd;288;360;72;72;6
1f470-1f3fe;360;360;72;72;6
1f470-1f3ff;432;360;72;72;6
1f470;504;360;72;72;6
1f471-1f3fb-200d-2640-fe0f;576;360;72;72;6
1f471-1f3fb-200d-2642-fe0f;648;360;72;72;6
1f471-1f3fb;720;360;72;72;6
1f471-1f3fc-200d-2640-fe0f;792;360;72;72;6
1f471-1f3fc-200d-2642-fe0f;864;360;72;72;6
1f471-1f3fc;936;360;72;72;6
1f471-1f3fd-200d-2640-fe0f;0;432;72;72;6
1f471-1f3fd-200d-2642-fe0f;72;432;72;72;6
1f471-1f3fd;144;432;72;72;6
1f471-1f3fe-200d-2640-fe0f;216;432;72;72;6
1f471-1f3fe-200d-2642-fe0f;288;432;72;72;6
1f471-1f3fe;360;432;72;72;6
1f471-1f3ff-200d-2640-fe0f;432;432;72;72;6
1f471-1f3ff-200d-2642-fe0f;504;432;72;72;6
1f471-1f3ff;576;432;72;72;6
1f471-200d-2640-fe0f;648;432;72;72;6
1f471-200d-2642-fe0f;720;432;72;72;6
1f471;792;432;72;72;6
1f472-1f3fb;864;432;72;72;6
1f472-1f3fc;936;432;72;72;6
1f472-1f3fd;0;504;72;72;6
1f472-1f3fe;72;504;72;72;6
1f472-1f3ff;144;504;72;72;6
1f472;216;504;72;72;6
1f473-1f3fb-200d-2640-fe0f;288;504;72;72;6
1f473-1f3fb-200d-2642-fe0f;360;504;72;72;6
1f473-1f3fb;432;504;72;72;6
1f473-1f3fc-200d-2640-fe0f;504;504;72;72;6
1f473-1f3fc-200d-2642-fe0f;576;504;72;72;6
1f473-1f3fc;648;504;72;72;6
1f473-1f3fd-200d-2640-fe0f;720;504;72;72;6
1f473-1f3fd-200d-2642-fe0f;792;504;72;72;6
1f473-1f3fd;864;504;72;72;6
1f473-1f3fe-200d-2640-fe0f;936;504;72;72;6
1f473-1f3fe-200d-2642-fe0f;0;576;72;72;6
1f473-1f3fe;72;576;72;72;6
1f473-1f3ff-200d-2640-fe0f;144;576;72;72;6
1f473-1f3ff-200d-2642-fe0f;216;576;72;72;6
1f473-1f3ff;288;576;72;72;6
1f473-200d-2640-fe0f;360;576;72;72;6
1f473-200d-2642-fe0f;432;576;72;72;6
1f473;504;576;72;72;6
1f474-1f3fb;576;576;72;72;6
1f474-1f3fc;648;576;72;72;6
1f474-1f3fd;720;576;72;72;6
1f474-1f3fe;792;576;72;72;6
1f474-1f3ff;864;576;72;72;6
1f474;936;576;72;72;6
1f475-1f3fb;0;648;72;72;6
1f475-1f3fc;72;648;72;72;6
1f475-1f3fd;144;648;72;72;6
1f475-1f3fe;216;648;72;72;6
1f475-1f3ff;288;648;72;72;6
1f475;360;648;72;72;6
1f476-1f3fb;432;648;72;72;6
1f476-1f3fc;504;648;72;72;6
1f476-1f3fd;576;648;72;72;6
1f476-1f3fe;648;648;72;72;6
1f476-1f3ff;720;648;72;72;6
1f476;792;648;72;72;6
1f477-1f3fb-200d-2640-fe0f;864;648;72;72;6
1f477-1f3fb-200d-2642-fe0f;936;648;72;72;6
1f477-1f3fb;0;720;72;72;6
1f477-1f3fc-200d-2640-fe0f;72;720;72;72;6
1f477-1f3fc-200d-2642-fe0f;144;720;72;72;6
1f477-1f3fc;216;720;72;72;6
1f477-1f3fd-200d-2640-fe0f;288;720;72;72;6
1f477-1f3fd-200d-2642-fe0f;360;720;72;72;6
1f477-1f3fd;432;720;72;72;6
1f477-1f3fe-200d-2640-fe0f;504;720;72;72;6
1f477-1f3fe-200d-2642-fe0f;576;720;72;72;6
1f477-1f3fe;648;720;72;72;6
1f477-1f3ff-200d-2640-fe0f;720;720;72;72;6
1f477-1f3ff-200d-2642-fe0f;792;720;72;72;6
1f477-1f3ff;864;720;72;72;6
1f477-200d-2640-fe0f;936;720;72;72;6
1f477-200d-2642-fe0f;0;792;72;72;6
1f477;72;792;72;72;6
1f478-1f3fb;144;792;72;72;6
1f478-1f3fc;216;792;72;72;6
1f478-1f3fd;288;792;72;72;6
1f478-1f3fe;360;792;72;72;6
1f478-1f3ff;432;792;72;72;6
1f478;504;792;72;72;6
1f479;576;792;72;72;6
1f47a;648;792;72;72;6
1f47b;720;792;72;72;6
1f47c-1f3fb;792;792;72;72;6
1f47c-1f3fc;864;792;72;72;6
1f47c-1f3fd;936;792;72;72;6
1f47c-1f3fe;0;864;72;72;6
1f47c-1f3ff;72;864;72;72;6
1f47c;144;864;72;72;6
1f47d;216;864;72;72;6
1f47e;288;864;72;72;6
1f47f;360;864;72;72;6
1f480;432;864;72;72;6
1f481-1f3fb-200d-2640-fe0f;504;864;72;72;6
1f481-1f3fb-200d-2642-fe0f;576;864;72;72;6
1f481-1f3fb;648;864;72;72;6
1f481-1f3fc-200d-2640-fe0f;720;864;72;72;6
1f481-1f3fc-200d-2642-fe0f;792;864;72;72;6
1f481-1f3fc;864;864;72;72;6
1f481-1f3fd-200d-2640-fe0f;936;864;72;72;6
1f481-1f3fd-200d-2642-fe0f;0;936;72;72;6
1f481-1f3fd;72;936;72;72;6
1f481-1f3fe-200d-2640-fe0f;144;936;72;72;6
1f481-1f3fe-200d-2642-fe0f;216;936;72;72;6
1f481-1f3fe;288;936;72;72;6
1f481-1f3ff-200d-2640-fe0f;360;936;72;72;6
1f481-1f3ff-200d-2642-fe0f;432;936;72;72;6
1f481-1f3ff;504;936;72;72;6
1f481-200d-2640-fe0f;576;936;72;72;6
1f481-200d-2642-fe0f;648;936;72;72;6
1f481;720;936;72;72;6
1f482-1f3fb-200d-2640-fe0f;792;936;72;72;6
1f482-1f3fb-200d-2642-fe0f;864;936;72;72;6
1f482-1f3fb;936;936;72;72;6
1f482-1f3fc-200d-2640-fe0f;0;0;72;72;7
1f482-1f3fc-200d-2642-fe0f;72;0;72;72;7
1f482-1f3fc;144;0;72;72;7
1f482-1f3fd-200d-2640-fe0f;216;0;72;72;7
1f482-1f3fd-200d-2642-fe0f;288;0;72;72;7
1f482-1f3fd;360;0;72;72;7
1f482-1f3fe-200d-2640-fe0f;432;0;72;72;7
1f482-1f3fe-200d-2642-fe0f;504;0;72;72;7
1f482-1f3fe;576;0;72;72;7
1f482-1f3ff-200d-2640-fe0f;648;0;72;72;7
1f482-1f3ff-200d-2642-fe0f;720;0;72;72;7
1f482-1f3ff;792;0;72;72;7
1f482-200d-2640-fe0f;864;0;72;72;7
1f482-200d-2642-fe0f;936;0;72;72;7
1f482;0;72;72;72;7
1f483-1f3fb;72;72;72;72;7
1f483-1f3fc;144;72;72;72;7
1f483-1f3fd;216;72;72;72;7
1f483-1f3fe;288;72;72;72;7
1f483-1f3ff;360;72;72;72;7
1f483;432;72;72;72;7
1f484;504;72;72;72;7
1f485-1f3fb;576;72;72;72;7
1f485-1f3fc;648;72;72;72;7
1f485-1f3fd;720;72;72;72;7
1f485-1f3fe;792;72;72;72;7
1f485-1f3ff;864;72;72;72;7
1f485;936;72;72;72;7
1f486-1f3fb-200d-2640-fe0f;0;144;72;72;7
1f486-1f3fb-200d-2642-fe0f;72;144;72;72;7
1f486-1f3fb;144;144;72;72;7
1f486-1f3fc-200d-2640-fe0f;216;144;72;72;7
1f486-1f3fc-200d-2642-fe0f;288;144;72;72;7
1f486-1f3fc;360;144;72;72;7
1f486-1f3fd-200d-2640-fe0f;432;144;72;72;7
1f486-1f3fd-200d-2642-fe0f;504;144;72;72;7
1f486-1f3fd;576;144;72;72;7
1f486-1f3fe-200d-2640-fe0f;648;144;72;72;7
1f486-1f3fe-200d-2642-fe0f;720;144;72;72;7
1f486-1f3fe;792;144;72;72;7
1f486-1f3ff-200d-2640-fe0f;864;144;72;72;7
1f486-1f3ff-200d-2642-fe0f;936;144;72;72;7
1f486-1f3ff;0;216;72;72;7
1f486-200d-2640-fe0f;72;216;72;72;7
1f486-200d-2642-fe0f;144;216;72;72;7
1f486;216;216;72;72;7
1f487-1f3fb-200d-2640-fe0f;288;216;72;72;7
1f487-1f3fb-200d-2642-fe0f;360;216;72;72;7
1f487-1f3fb;432;216;72;72;7
1f487-1f3fc-200d-2640-fe0f;504;216;72;72;7
1f487-1f3fc-200d-2642-fe0f;576;216;72;72;7
1f487-1f3fc;648;216;72;72;7
1f487-1f3fd-200d-2640-fe0f;720;216;72;72;7
1f487-1f3fd-200d-2642-fe0f;792;216;72;72;7
1f487-1f3fd;864;216;72;72;7
1f487-1f3fe-200d-2640-fe0f;936;216;72;72;7
1f487-1f3fe-200d-2642-fe0f;0;288;72;72;7
1f487-1f3fe;72;288;72;72;7
1f487-1f3ff-200d-2640-fe0f;144;288;72;72;7
1f487-1f3ff-200d-2642-fe0f;216;288;72;72;7
1f487-1f3ff;288;288;72;72;7
1f487-200d-2640-fe0f;360;288;72;72;7
1f487-200d-2642-fe0f;432;288;72;72;7
1f487;504;288;72;72;7
1f488;576;288;72;72;7
1f489;648;288;72;72;7
1f48a;720;288;72;72;7
1f48b;792;288;72;72;7
1f48c;864;288;72;72;7
1f48d;936;288;72;72;7
1f48e;0;360;72;72;7
1f48f;72;360;72;72;7
1f490;144;360;72;72;7
1f491;216;360;72;72;7
1f492;288;360;72;72;7
1f493;360;360;72;72;7
1f494;432;360;72;72;7
1f495;504;360;72;72;7
1f496;576;360;72;72;7
1f497;648;360;72;72;7
1f498;720;360;72;72;7
1f499;792;360;72;72;7
1f49a;864;360;72;72;7
1f49b;936;360;72;72;7
1f49c;0;432;72;72;7
1f49d;72;432;72;72;7
1f49e;144;432;72;72;7
1f49f;216;432;72;72;7
1f4a0;288;432;72;72;7
1f4a1;360;432;72;72;7
1f4a2;432;432;72;72;7
1f4a3;504;432;72;72;7
1f4a4;576;432;72;72;7
1f4a5;648;432;72;72;7
1f4a6;720;432;72;72;7
1f4a7;792;432;72;72;7
1f4a8;864;432;72;72;7
1f4a9;936;432;72;72;7
1f4aa-1f3fb;0;504;72;72;7
1f4aa-1f3fc;72;504;72;72;7
1f4aa-1f3fd;144;504;72;72;7
1f4aa-1f3fe;216;504;72;72;7
1f4aa-1f3ff;288;504;72;72;7
1f4aa;360;504;72;72;7
1f4ab;432;504;72;72;7
1f4ac;504;504;72;72;7
1f4ad;576;504;72;72;7
1f4ae;648;504;72;72;7
1f4af;720;504;72;72;7
1f4b0;792;504;72;72;7
1f4b1;864;504;72;72;7
1f4b2;936;504;72;72;7
1f4b3;0;576;72;72;7
1f4b4;72;576;72;72;7
1f4b5;144;576;72;72;7
1f4b6;216;576;72;72;7
1f4b7;288;576;72;72;7
1f4b8;360;576;72;72;7
1f4b9;432;576;72;72;7
1f4ba;504;576;72;72;7
1f4bb;576;576;72;72;7
1f4bc;648;576;72;72;7
1f4bd;720;576;72;72;7
1f4be;792;576;72;72;7
1f4bf;864;576;72;72;7
1f4c0;936;576;72;72;7
1f4c1;0;648;72;72;7
1f4c2;72;648;72;72;7
1f4c3;144;648;72;72;7
1f4c4;216;648;72;72;7
1f4c5;288;648;72;72;7
1f4c6;360;648;72;72;7
1f4c7;432;648;72;72;7
1f4c8;504;648;72;72;7
1f4c9;576;648;72;72;7
1f4ca;648;648;72;72;7
1f4cb;720;648;72;72;7
1f4cc;792;648;72;72;7
1f4cd;864;648;72;72;7
1f4ce;936;648;72;72;7
1f4cf;0;720;72;72;7
1f4d0;72;720;72;72;7
1f4d1;144;720;72;72;7
1f4d2;216;720;72;72;7
1f4d3;288;720;72;72;7
1f4d4;360;720;72;72;7
1f4d5;432;720;72;72;7
1f4d6;504;720;72;72;7
1f4d7;576;720;72;72;7
1f4d8;648;720;72;72;7
1f4d9;720;720;72;72;7
1f4da;792;720;72;72;7
1f4db;864;720;72;72;7
1f4dc;936;720;72;72;7
1f4dd;0;792;72;72;7
1f4de;72;792;72;72;7
1f4df;144;792;72;72;7
1f4e0;216;792;72;72;7
1f4e1;288;792;72;72;7
1f4e2;360;792;72;72;7
1f4e3;432;792;72;72;7
1f4e4;504;792;72;72;7
1f4e5;576;792;72;72;7
1f4e6;648;792;72;72;7
1f4e7;720;792;72;72;7
1f4e8;792;792;72;72;7
1f4e9;864;792;72;72;7
1f4ea;936;792;72;72;7
1f4eb;0;864;72;72;7
1f4ec;72;864;72;72;7
1f4ed;144;864;72;72;7
1f4ee;216;864;72;72;7
1f4ef;288;864;72;72;7
1f4f0;360;864;72;72;7
1f4f1;432;864;72;72;7
1f4f2;504;864;72;72;7
1f4f3;576;864;72;72;7
1f4f4;648;864;72;72;7
1f4f5;720;864;72;72;7
1f4f6;792;864;72;72;7
1f4f7;864;864;72;72;7
1f4f8;936;864;72;72;7
1f4f9;0;936;72;72;7
1f4fa;72;936;72;72;7
1f4fb;144;936;72;72;7
1f4fc;216;936;72;72;7
1f4fd;288;936;72;72;7
1f4ff;360;936;72;72;7
1f500;432;936;72;72;7
1f501;504;936;72;72;7
1f502;576;936;72;72;7
1f503;648;936;72;72;7
1f504;720;936;72;72;7
1f505;792;936;72;72;7
1f506;864;936;72;72;7
1f507;936;936;72;72;7
1f508;0;0;72;72;8
1f509;72;0;72;72;8
1f50a;144;0;72;72;8
1f50b;216;0;72;72;8
1f50c;288;0;72;72;8
1f50d;360;0;72;72;8
1f50e;432;0;72;72;8
1f50f;504;0;72;72;8
1f510;576;0;72;72;8
1f511;648;0;72;72;8
1f512;720;0;72;72;8
1f513;792;0;72;72;8
1f514;864;0;72;72;8
1f515;936;0;72;72;8
1f516;0;72;72;72;8
1f517;72;72;72;72;8
1f518;144;72;72;72;8
1f519;216;72;72;72;8
1f51a;288;72;72;72;8
1f51b;360;72;72;72;8
1f51c;432;72;72;72;8
1f51d;504;72;72;72;8
1f51e;576;72;72;72;8
1f51f;648;72;72;72;8
1f520;720;72;72;72;8
1f521;792;72;72;72;8
1f522;864;72;72;72;8
1f523;936;72;72;72;8
1f524;0;144;72;72;8
1f525;72;144;72;72;8
1f526;144;144;72;72;8
1f527;216;144;72;72;8
1f528;288;144;72;72;8
1f529;360;144;72;72;8
1f52a;432;144;72;72;8
1f52b;504;144;72;72;8
1f52c;576;144;72;72;8
1f52d;648;144;72;72;8
1f52e;720;144;72;72;8
1f52f;792;144;72;72;8
1f530;864;144;72;72;8
1f531;936;144;72;72;8
1f532;0;216;72;72;8
1f533;72;216;72;72;8
1f534;144;216;72;72;8
1f535;216;216;72;72;8
1f536;288;216;72;72;8
1f537;360;216;72;72;8
1f538;432;216;72;72;8
1f539;504;216;72;72;8
1f53a;576;216;72;72;8
1f53b;648;216;72;72;8
1f53c;720;216;72;72;8
1f53d;792;216;72;72;8
1f549;864;216;72;72;8
1f54a;936;216;72;72;8
1f54b;0;288;72;72;8
1f54c;72;288;72;72;8
1f54d;144;288;72;72;8
1f54e;216;288;72;72;8
1f550;288;288;72;72;8
1f551;360;288;72;72;8
1f552;432;288;72;72;8
1f553;504;288;72;72;8
1f554;576;288;72;72;8
1f555;648;288;72;72;8
1f556;720;288;72;72;8
1f557;792;288;72;72;8
1f558;864;288;72;72;8
1f559;936;288;72;72;8
1f55a;0;360;72;72;8
1f55b;72;360;72;72;8
1f55c;144;360;72;72;8
1f55d;216;360;72;72;8
1f55e;288;360;72;72;8
1f55f;360;360;72;72;8
1f560;432;360;72;72;8
1f561;504;360;72;72;8
1f562;576;360;72;72;8
1f563;648;360;72;72;8
1f564;720;360;72;72;8
1f565;792;360;72;72;8
1f566;864;360;72;72;8
1f567;936;360;72;72;8
1f56f;0;432;72;72;8
1f570;72;432;72;72;8
1f573;144;432;72;72;8
1f574-1f3fb-200d-2640-fe0f;216;432;72;72;8
1f574-1f3fb-200d-2642-fe0f;288;432;72;72;8
1f574-1f3fb;360;432;72;72;8
1f574-1f3fc-200d-2640-fe0f;432;432;72;72;8
1f574-1f3fc-200d-2642-fe0f;504;432;72;72;8
1f574-1f3fc;576;432;72;72;8
1f574-1f3fd-200d-2640-fe0f;648;432;72;72;8
1f574-1f3fd-200d-2642-fe0f;720;432;72;72;8
1f574-1f3fd;792;432;72;72;8
1f574-1f3fe-200d-2640-fe0f;864;432;72;72;8
1f574-1f3fe-200d-2642-fe0f;936;432;72;72;8
1f574-1f3fe;0;504;72;72;8
1f574-1f3ff-200d-2640-fe0f;72;504;72;72;8
1f574-1f3ff-200d-2642-fe0f;144;504;72;72;8
1f574-1f3ff;216;504;72;72;8
1f574-fe0f-200d-2640-fe0f;288;504;72;72;8
1f574-fe0f-200d-2642-fe0f;360;504;72;72;8
1f574;432;504;72;72;8
1f575-1f3fb-200d-2640-fe0f;504;504;72;72;8
1f575-1f3fb-200d-2642-fe0f;576;504;72;72;8
1f575-1f3fb;648;504;72;72;8
1f575-1f3fc-200d-2640-fe0f;720;504;72;72;8
1f575-1f3fc-200d-2642-fe0f;792;504;72;72;8
1f575-1f3fc;864;504;72;72;8
1f575-1f3fd-200d-2640-fe0f;936;504;72;72;8
1f575-1f3fd-200d-2642-fe0f;0;576;72;72;8
1f575-1f3fd;72;576;72;72;8
1f575-1f3fe-200d-2640-fe0f;144;576;72;72;8
1f575-1f3fe-200d-2642-fe0f;216;576;72;72;8
1f575-1f3fe;288;576;72;72;8
1f575-1f3ff-200d-2640-fe0f;360;576;72;72;8
1f575-1f3ff-200d-2642-fe0f;432;576;72;72;8
1f575-1f3ff;504;576;72;72;8
1f575-fe0f-200d-2640-fe0f;576;576;72;72;8
1f575-fe0f-200d-2642-fe0f;648;576;72;72;8
1f575;720;576;72;72;8
1f576;792;576;72;72;8
1f577;864;576;72;72;8
1f578;936;576;72;72;8
1f579;0;648;72;72;8
1f57a-1f3fb;72;648;72;72;8
1f57a-1f3fc;144;648;72;72;8
1f57a-1f3fd;216;648;72;72;8
1f57a-1f3fe;288;648;72;72;8
1f57a-1f3ff;360;648;72;72;8
1f57a;432;648;72;72;8
1f587;504;648;72;72;8
1f58a;576;648;72;72;8
1f58b;648;648;72;72;8
1f58c;720;648;72;72;8
1f58d;792;648;72;72;8
1f590-1f3fb;864;648;72;72;8
1f590-1f3fc;936;648;72;72;8
1f590-1f3fd;0;720;72;72;8
1f590-1f3fe;72;720;72;72;8
1f590-1f3ff;144;720;72;72;8
1f590;216;720;72;72;8
1f595-1f3fb;288;720;72;72;8
1f595-1f3fc;360;720;72;72;8
1f595-1f3fd;432;720;72;72;8
1f595-1f3fe;504;720;72;72;8
1f595-1f3ff;576;720;72;72;8
1f595;648;720;72;72;8
1f596-1f3fb;720;720;72;72;8
1f596-1f3fc;792;720;72;72;8
1f596-1f3fd;864;720;72;72;8
1f596-1f3fe;936;720;72;72;8
1f596-1f3ff;0;792;72;72;8
1f596;72;792;72;72;8
1f5a4;144;792;72;72;8
1f5a5;216;792;72;72;8
1f5a8;288;792;72;72;8
1f5b1;360;792;72;72;8
1f5b2;432;792;72;72;8
1f5bc;504;792;72;72;8
1f5c2;576;792;72;72;8
1f5c3;648;792;72;72;8
1f5c4;720;792;72;72;8
1f5d1;792;792;72;72;8
1f5d2;864;792;72;72;8
1f5d3;936;792;72;72;8
1f5dc;0;864;72;72;8
1f5dd;72;864;72;72;8
1f5de;144;864;72;72;8
1f5e1;216;864;72;72;8
1f5e3;288;864;72;72;8
1f5e8;360;864;72;72;8
1f5ef;432;864;72;72;8
1f5f3;504;864;72;72;8
1f5fa;576;864;72;72;8
1f5fb;648;864;72;72;8
1f5fc;720;864;72;72;8
1f5fd;792;864;72;72;8
1f5fe;864;864;72;72;8
1f5ff;936;864;72;72;8
1f600;0;936;72;72;8
1f601;72;936;72;72;8
1f602;144;936;72;72;8
1f603;216;936;72;72;8
1f604;288;936;72;72;8
1f605;360;936;72;72;8
1f606;432;936;72;72;8
1f607;504;936;72;72;8
1f608;576;936;72;72;8
1f609;648;936;72;72;8
1f60a;720;936;72;72;8
1f60b;792;936;72;72;8
1f60c;864;936;72;72;8
1f60d;936;936;72;72;8
1f60e;0;0;72;72;9
1f60f;72;0;72;72;9
1f610;144;0;72;72;9
1f611;216;0;72;72;9
1f612;288;0;72;72;9
1f613;360;0;72;72;9
1f614;432;0;72;72;9
1f615;504;0;72;72;9
1f616;576;0;72;72;9
1f617;648;0;72;72;9
1f618;720;0;72;72;9
1f619;792;0;72;72;9
1f61a;864;0;72;72;9
1f61b;936;0;72;72;9
1f61c;0;72;72;72;9
1f61d;72;72;72;72;9
1f61e;144;72;72;72;9
1f61f;216;72;72;72;9
1f620;288;72;72;72;9
1f621;360;72;72;72;9
1f622;432;72;72;72;9
1f623;504;72;72;72;9
1f624;576;72;72;72;9
1f625;648;72;72;72;9
1f626;720;72;72;72;9
1f627;792;72;72;72;9
1f628;864;72;72;72;9
1f629;936;72;72;72;9
1f62a;0;144;72;72;9
1f62b;72;144;72;72;9
1f62c;144;144;72;72;9
1f62d;216;144;72;72;9
1f62e;288;144;72;72;9
1f62f;360;144;72;72;9
1f630;432;144;72;72;9
1f631;504;144;72;72;9
1f632;576;144;72;72;9
1f633;648;144;72;72;9
1f634;720;144;72;72;9
1f635;792;144;72;72;9
1f636;864;144;72;72;9
1f637;936;144;72;72;9
1f638;0;216;72;72;9
1f639;72;216;72;72;9
1f63a;144;216;72;72;9
1f63b;216;216;72;72;9
1f63c;288;216;72;72;9
1f63d;360;216;72;72;9
1f63e;432;216;72;72;9
1f63f;504;216;72;72;9
1f640;576;216;72;72;9
1f641;648;216;72;72;9
1f642;720;216;72;72;9
1f643;792;216;72;72;9
1f644;864;216;72;72;9
1f645-1f3fb-200d-2640-fe0f;936;216;72;72;9
1f645-1f3fb-200d-2642-fe0f;0;288;72;72;9
1f645-1f3fb;72;288;72;72;9
1f645-1f3fc-200d-2640-fe0f;144;288;72;72;9
1f645-1f3fc-200d-2642-fe0f;216;288;72;72;9
1f645-1f3fc;288;288;72;72;9
1f645-1f3fd-200d-2640-fe0f;360;288;72;72;9
1f645-1f3fd-200d-2642-fe0f;432;288;72;72;9
1f645-1f3fd;504;288;72;72;9
1f645-1f3fe-200d-2640-fe0f;576;288;72;72;9
1f645-1f3fe-200d-2642-fe0f;648;288;72;72;9
1f645-1f3fe;720;288;72;72;9
1f645-1f3ff-200d-2640-fe0f;792;288;72;72;9
1f645-1f3ff-200d-2642-fe0f;864;288;72;72;9
1f645-1f3ff;936;288;72;72;9
1f645-200d-2640-fe0f;0;360;72;72;9
1f645-200d-2642-fe0f;72;360;72;72;9
1f645;144;360;72;72;9
1f646-1f3fb-200d-2640-fe0f;216;360;72;72;9
1f646-1f3fb-200d-2642-fe0f;288;360;72;72;9
1f646-1f3fb;360;360;72;72;9
1f646-1f3fc-200d-2640-fe0f;432;360;72;72;9
1f646-1f3fc-200d-2642-fe0f;504;360;72;72;9
1f646-1f3fc;576;360;72;72;9
1f646-1f3fd-200d-2640-fe0f;648;360;72;72;9
1f646-1f3fd-200d-2642-fe0f;720;360;72;72;9
1f646-1f3fd;792;360;72;72;9
1f646-1f3fe-200d-2640-fe0f;864;360;72;72;9
1f646-1f3fe-200d-2642-fe0f;936;360;72;72;9
1f646-1f3fe;0;432;72;72;9
1f646-1f3ff-200d-2640-fe0f;72;432;72;72;9
1f646-1f3ff-200d-2642-fe0f;144;432;72;72;9
1f646-1f3ff;216;432;72;72;9
1f646-200d-2640-fe0f;288;432;72;72;9
1f646-200d-2642-fe0f;360;432;72;72;9
1f646;432;432;72;72;9
1f647-1f3fb-200d-2640-fe0f;504;432;72;72;9
1f647-1f3fb-200d-2642-fe0f;576;432;72;72;9
1f647-1f3fb;648;432;72;72;9
1f647-1f3fc-200d-2640-fe0f;720;432;72;72;9
1f647-1f3fc-200d-2642-fe0f;792;432;72;72;9
1f647-1f3fc;864;432;72;72;9
1f647-1f3fd-200d-2640-fe0f;936;432;72;72;9
1f647-1f3fd-200d-2642-fe0f;0;504;72;72;9
1f647-1f3fd;72;504;72;72;9
1f647-1f3fe-200d-2640-fe0f;144;504;72;72;9
1f647-1f3fe-200d-2642-fe0f;216;504;72;72;9
1f647-1f3fe;288;504;72;72;9
1f647-1f3ff-200d-2640-fe0f;360;504;72;72;9
1f647-1f3ff-200d-2642-fe0f;432;504;72;72;9
1f647-1f3ff;504;504;72;72;9
1f647-200d-2640-fe0f;576;504;72;72;9
1f647-200d-2642-fe0f;648;504;72;72;9
1f647;720;504;72;72;9
1f648;792;504;72;72;9
1f649;864;504;72;72;9
1f64a;936;504;72;72;9
1f64b-1f3fb-200d-2640-fe0f;0;576;72;72;9
1f64b-1f3fb-200d-2642-fe0f;72;576;72;72;9
1f64b-1f3fb;144;576;72;72;9
1f64b-1f3fc-200d-2640-fe0f;216;576;72;72;9
1f64b-1f3fc-200d-2642-fe0f;288;576;72;72;9
1f64b-1f3fc;360;576;72;72;9
1f64b-1f3fd-200d-2640-fe0f;432;576;72;72;9
1f64b-1f3fd-200d-2642-fe0f;504;576;72;72;9
1f64b-1f3fd;576;576;72;72;9
1f64b-1f3fe-200d-2640-fe0f;648;576;72;72;9
1f64b-1f3fe-200d-2642-fe0f;720;576;72;72;9
1f64b-1f3fe;792;576;72;72;9
1f64b-1f3ff-200d-2640-fe0f;864;576;72;72;9
1f64b-1f3ff-200d-2642-fe0f;936;576;72;72;9
1f64b-1f3ff;0;648;72;72;9
1f64b-200d-2640-fe0f;72;648;72;72;9
1f64b-200d-2642-fe0f;144;648;72;72;9
1f64b;216;648;72;72;9
1f64c-1f3fb;288;648;72;72;9
1f64c-1f3fc;360;648;72;72;9
1f64c-1f3fd;432;648;72;72;9
1f64c-1f3fe;504;648;72;72;9
1f64c-1f3ff;576;648;72;72;9
1f64c;648;648;72;72;9
1f64d-1f3fb-200d-2640-fe0f;720;648;72;72;9
1f64d-1f3fb-200d-2642-fe0f;792;648;72;72;9
1f64d-1f3fb;864;648;72;72;9
1f64d-1f3fc-200d-2640-fe0f;936;648;72;72;9
1f64d-1f3fc-200d-2642-fe0f;0;720;72;72;9
1f64d-1f3fc;72;720;72;72;9
1f64d-1f3fd-200d-2640-fe0f;144;720;72;72;9
1f64d-1f3fd-200d-2642-fe0f;216;720;72;72;9
1f64d-1f3fd;288;720;72;72;9
1f64d-1f3fe-200d-2640-fe0f;360;720;72;72;9
1f64d-1f3fe-200d-2642-fe0f;432;720;72;72;9
1f64d-1f3fe;504;720;72;72;9
1f64d-1f3ff-200d-2640-fe0f;576;720;72;72;9
1f64d-1f3ff-200d-2642-fe0f;648;720;72;72;9
1f64d-1f3ff;720;720;72;72;9
1f64d-200d-2640-fe0f;792;720;72;72;9
1f64d-200d-2642-fe0f;864;720;72;72;9
1f64d;936;720;72;72;9
1f64e-1f3fb-200d-2640-fe0f;0;792;72;72;9
1f64e-1f3fb-200d-2642-fe0f;72;792;72;72;9
1f64e-1f3fb;144;792;72;72;9
1f64e-1f3fc-200d-2640-fe0f;216;792;72;72;9
1f64e-1f3fc-200d-2642-fe0f;288;792;72;72;9
1f64e-1f3fc;360;792;72;72;9
1f64e-1f3fd-200d-2640-fe0f;432;792;72;72;9
1f64e-1f3fd-200d-2642-fe0f;504;792;72;72;9
1f64e-1f3fd;576;792;72;72;9
1f64e-1f3fe-200d-2640-fe0f;648;792;72;72;9
1f64e-1f3fe-200d-2642-fe0f;720;792;72;72;9
1f64e-1f3fe;792;792;72;72;9
1f64e-1f3ff-200d-2640-fe0f;864;792;72;72;9
1f64e-1f3ff-200d-2642-fe0f;936;792;72;72;9
1f64e-1f3ff;0;864;72;72;9
1f64e-200d-2640-fe0f;72;864;72;72;9
1f64e-200d-2642-fe0f;144;864;72;72;9
1f64e;216;864;72;72;9
1f64f-1f3fb;288;864;72;72;9
1f64f-1f3fc;360;864;72;72;9
1f64f-1f3fd;432;864;72;72;9
1f64f-1f3fe;504;864;72;72;9
1f64f-1f3ff;576;864;72;72;9
1f64f;648;864;72;72;9
1f680;720;864;72;72;9
1f681;792;864;72;72;9
1f682;864;864;72;72;9
1f683;936;864;72;72;9
1f684;0;936;72;72;9
1f685;72;936;72;72;9
1f686;144;936;72;72;9
1f687;216;936;72;72;9
1f688;288;936;72;72;9
1f689;360;936;72;72;9
1f68a;432;936;72;72;9
1f68b;504;936;72;72;9
1f68c;576;936;72;72;9
1f68d;648;936;72;72;9
1f68e;720;936;72;72;9
1f68f;792;936;72;72;9
1f690;864;936;72;72;9
1f691;936;936;72;72;9
1f692;0;0;72;72;10
1f693;72;0;72;72;10
1f694;144;0;72;72;10
1f695;216;0;72;72;10
1f696;288;0;72;72;10
1f697;360;0;72;72;10
1f698;432;0;72;72;10
1f699;504;0;72;72;10
1f69a;576;0;72;72;10
1f69b;648;0;72;72;10
1f69c;720;0;72;72;10
1f69d;792;0;72;72;10
1f69e;864;0;72;72;10
1f69f;936;0;72;72;10
1f6a0;0;72;72;72;10
1f6a1;72;72;72;72;10
1f6a2;144;72;72;72;10
1f6a3-1f3fb-200d-2640-fe0f;216;72;72;72;10
1f6a3-1f3fb-200d-2642-fe0f;288;72;72;72;10
1f6a3-1f3fb;360;72;72;72;10
1f6a3-1f3fc-200d-2640-fe0f;432;72;72;72;10
1f6a3-1f3fc-200d-2642-fe0f;504;72;72;72;10
1f6a3-1f3fc;576;72;72;72;10
1f6a3-1f3fd-200d-2640-fe0f;648;72;72;72;10
1f6a3-1f3fd-200d-2642-fe0f;720;72;72;72;10
1f6a3-1f3fd;792;72;72;72;10
1f6a3-1f3fe-200d-2640-fe0f;864;72;72;72;10
1f6a3-1f3fe-200d-2642-fe0f;936;72;72;72;10
1f6a3-1f3fe;0;144;72;72;10
1f6a3-1f3ff-200d-2640-fe0f;72;144;72;72;10
1f6a3-1f3ff-200d-2642-fe0f;144;144;72;72;10
1f6a3-1f3ff;216;144;72;72;10
1f6a3-200d-2640-fe0f;288;144;72;72;10
1f6a3-200d-2642-fe0f;360;144;72;72;10
1f6a3;432;144;72;72;10
1f6a4;504;144;72;72;10
1f6a5;576;144;72;72;10
1f6a6;648;144;72;72;10
1f6a7;720;144;72;72;10
1f6a8;792;144;72;72;10
1f6a9;864;144;72;72;10
1f6aa;936;144;72;72;10
1f6ab;0;216;72;72;10
1f6ac;72;216;72;72;10
1f6ad;144;216;72;72;10
1f6ae;216;216;72;72;10
1f6af;288;216;72;72;10
1f6b0;360;216;72;72;10
1f6b1;432;216;72;72;10
1f6b2;504;216;72;72;10
1f6b3;576;216;72;72;10
1f6b4-1f3fb-200d-2640-fe0f;648;216;72;72;10
1f6b4-1f3fb-200d-2642-fe0f;720;216;72;72;10
1f6b4-1f3fb;792;216;72;72;10
1f6b4-1f3fc-200d-2640-fe0f;864;216;72;72;10
1f6b4-1f3fc-200d-2642-fe0f;936;216;72;72;10
1f6b4-1f3fc;0;288;72;72;10
1f6b4-1f3fd-200d-2640-fe0f;72;288;72;72;10
1f6b4-1f3fd-200d-2642-fe0f;144;288;72;72;10
1f6b4-1f3fd;216;288;72;72;10
1f6b4-1f3fe-200d-2640-fe0f;288;288;72;72;10
1f6b4-1f3fe-200d-2642-fe0f;360;288;72;72;10
1f6b4-1f3fe;432;288;72;72;10
1f6b4-1f3ff-200d-2640-fe0f;504;288;72;72;10
1f6b4-1f3ff-200d-2642-fe0f;576;288;72;72;10
1f6b4-1f3ff;648;288;72;72;10
1f6b4-200d-2640-fe0f;720;288;72;72;10
1f6b4-200d-2642-fe0f;792;288;72;72;10
1f6b4;864;288;72;72;10
1f6b5-1f3fb-200d-2640-fe0f;936;288;72;72;10
1f6b5-1f3fb-200d-2642-fe0f;0;360;72;72;10
1f6b5-1f3fb;72;360;72;72;10
1f6b5-1f3fc-200d-2640-fe0f;144;360;72;72;10
1f6b5-1f3fc-200d-2642-fe0f;216;360;72;72;10
1f6b5-1f3fc;288;360;72;72;10
1f6b5-1f3fd-200d-2640-fe0f;360;360;72;72;10
1f6b5-1f3fd-200d-2642-fe0f;432;360;72;72;10
1f6b5-1f3fd;504;360;72;72;10
1f6b5-1f3fe-200d-2640-fe0f;576;360;72;72;10
1f6b5-1f3fe-200d-2642-fe0f;648;360;72;72;10
1f6b5-1f3fe;720;360;72;72;10
1f6b5-1f3ff-200d-2640-fe0f;792;360;72;72;10
1f6b5-1f3ff-200d-2642-fe0f;864;360;72;72;10
1f6b5-1f3ff;936;360;72;72;10
1f6b5-200d-2640-fe0f;0;432;72;72;10
1f6b5-200d-2642-fe0f;72;432;72;72;10
1f6b5;144;432;72;72;10
1f6b6-1f3fb-200d-2640-fe0f;216;432;72;72;10
1f6b6-1f3fb-200d-2642-fe0f;288;432;72;72;10
1f6b6-1f3fb;360;432;72;72;10
1f6b6-1f3fc-200d-2640-fe0f;432;432;72;72;10
1f6b6-1f3fc-200d-2642-fe0f;504;432;72;72;10
1f6b6-1f3fc;576;432;72;72;10
1f6b6-1f3fd-200d-2640-fe0f;648;432;72;72;10
1f6b6-1f3fd-200d-2642-fe0f;720;432;72;72;10
1f6b6-1f3fd;792;432;72;72;10
1f6b6-1f3fe-200d-2640-fe0f;864;432;72;72;10
1f6b6-1f3fe-200d-2642-fe0f;936;432;72;72;10
1f6b6-1f3fe;0;504;72;72;10
1f6b6-1f3ff-200d-2640-fe0f;72;504;72;72;10
1f6b6-1f3ff-200d-2642-fe0f;144;504;72;72;10
1f6b6-1f3ff;216;504;72;72;10
1f6b6-200d-2640-fe0f;288;504;72;72;10
1f6b6-200d-2642-fe0f;360;504;72;72;10
1f6b6;432;504;72;72;10
1f6b7;504;504;72;72;10
1f6b8;576;504;72;72;10
1f6b9;648;504;72;72;10
1f6ba;720;504;72;72;10
1f6bb;792;504;72;72;10
1f6bc;864;504;72;72;10
1f6bd;936;504;72;72;10
1f6be;0;576;72;72;10
1f6bf;72;576;72;72;10
1f6c0-1f3fb;144;576;72;72;10
1f6c0-1f3fc;216;576;72;72;10
1f6c0-1f3fd;288;576;72;72;10
1f6c0-1f3fe;360;576;72;72;10
1f6c0-1f3ff;432;576;72;72;10
1f6c0;504;576;72;72;10
1f6c1;576;576;72;72;10
1f6c2;648;576;72;72;10
1f6c3;720;576;72;72;10
1f6c4;792;576;72;72;10
1f6c5;864;576;72;72;10
1f6cb;936;576;72;72;10
1f6cc-1f3fb;0;648;72;72;10
1f6cc-1f3fc;72;648;72;72;10
1f6cc-1f3fd;144;648;72;72;10
1f6cc-1f3fe;216;648;72;72;10
1f6cc-1f3ff;288;648;72;72;10
1f6cc;360;648;72;72;10
1f6cd;432;648;72;72;10
1f6ce;504;648;72;72;10
1f6cf;576;648;72;72;10
1f6d0;648;648;72;72;10
1f6d1;720;648;72;72;10
1f6d2;792;648;72;72;10
1f6d5;864;648;72;72;10
1f6e0;936;648;72;72;10
1f6e1;0;720;72;72;10
1f6e2;72;720;72;72;10
1f6e3;144;720;72;72;10
1f6e4;216;720;72;72;10
1f6e5;288;720;72;72;10
1f6e9;360;720;72;72;10
1f6eb;432;720;72;72;10
1f6ec;504;720;72;72;10
1f6f0;576;720;72;72;10
1f6f3;648;720;72;72;10
1f6f4;720;720;72;72;10
1f6f5;792;720;72;72;10
1f6f6;864;720;72;72;10
1f6f7;936;720;72;72;10
1f6f8;0;792;72;72;10
1f6f9;72;792;72;72;10
1f6fa;144;792;72;72;10
1f7e0;216;792;72;72;10
1f7e1;288;792;72;72;10
1f7e2;360;792;72;72;10
1f7e3;432;792;72;72;10
1f7e4;504;792;72;72;10
1f7e5;576;792;72;72;10
1f7e6;648;792;72;72;10
1f7e7;720;792;72;72;10
1f7e8;792;792;72;72;10
1f7e9;864;792;72;72;10
1f7ea;936;792;72;72;10
1f7eb;0;864;72;72;10
1f90d;72;864;72;72;10
1f90e;144;864;72;72;10
1f90f-1f3fb;216;864;72;72;10
1f90f-1f3fc;288;864;72;72;10
1f90f-1f3fd;360;864;72;72;10
1f90f-1f3fe;432;864;72;72;10
1f90f-1f3ff;504;864;72;72;10
1f90f;576;864;72;72;10
1f910;648;864;72;72;10
1f911;720;864;72;72;10
1f912;792;864;72;72;10
1f913;864;864;72;72;10
1f914;936;864;72;72;10
1f915;0;936;72;72;10
1f916;72;936;72;72;10
1f917;144;936;72;72;10
1f918-1f3fb;216;936;72;72;10
1f918-1f3fc;288;936;72;72;10
1f918-1f3fd;360;936;72;72;10
1f918-1f3fe;432;936;72;72;10
1f918-1f3ff;504;936;72;72;10
1f918;576;936;72;72;10
1f919-1f3fb;648;936;72;72;10
1f919-1f3fc;720;936;72;72;10
1f919-1f3fd;792;936;72;72;10
1f919-1f3fe;864;936;72;72;10
1f919-1f3ff;936;936;72;72;10
1f919;0;0;72;72;11
1f91a-1f3fb;72;0;72;72;11
1f91a-1f3fc;144;0;72;72;11
1f91a-1f3fd;216;0;72;72;11
1f91a-1f3fe;288;0;72;72;11
1f91a-1f3ff;360;0;72;72;11
1f91a;432;0;72;72;11
1f91b-1f3fb;504;0;72;72;11
1f91b-1f3fc;576;0;72;72;11
1f91b-1f3fd;648;0;72;72;11
1f91b-1f3fe;720;0;72;72;11
1f91b-1f3ff;792;0;72;72;11
1f91b;864;0;72;72;11
1f91c-1f3fb;936;0;72;72;11
1f91c-1f3fc;0;72;72;72;11
1f91c-1f3fd;72;72;72;72;11
1f91c-1f3fe;144;72;72;72;11
1f91c-1f3ff;216;72;72;72;11
1f91c;288;72;72;72;11
1f91d;360;72;72;72;11
1f91e-1f3fb;432;72;72;72;11
1f91e-1f3fc;504;72;72;72;11
1f91e-1f3fd;576;72;72;72;11
1f91e-1f3fe;648;72;72;72;11
1f91e-1f3ff;720;72;72;72;11
1f91e;792;72;72;72;11
1f91f-1f3fb;864;72;72;72;11
1f91f-1f3fc;936;72;72;72;11
1f91f-1f3fd;0;144;72;72;11
1f91f-1f3fe;72;144;72;72;11
1f91f-1f3ff;144;144;72;72;11
1f91f;216;144;72;72;11
1f920;288;144;72;72;11
1f921;360;144;72;72;11
1f922;432;144;72;72;11
1f923;504;144;72;72;11
1f924;576;144;72;72;11
1f925;648;144;72;72;11
1f926-1f3fb-200d-2640-fe0f;720;144;72;72;11
1f926-1f3fb-200d-2642-fe0f;792;144;72;72;11
1f926-1f3fb;864;144;72;72;11
1f926-1f3fc-200d-2640-fe0f;936;144;72;72;11
1f926-1f3fc-200d-2642-fe0f;0;216;72;72;11
1f926-1f3fc;72;216;72;72;11
1f926-1f3fd-200d-2640-fe0f;144;216;72;72;11
1f926-1f3fd-200d-2642-fe0f;216;216;72;72;11
1f926-1f3fd;288;216;72;72;11
1f926-1f3fe-200d-2640-fe0f;360;216;72;72;11
1f926-1f3fe-200d-2642-fe0f;432;216;72;72;11
1f926-1f3fe;504;216;72;72;11
1f926-1f3ff-200d-2640-fe0f;576;216;72;72;11
1f926-1f3ff-200d-2642-fe0f;648;216;72;72;11
1f926-1f3ff;720;216;72;72;11
1f926-200d-2640-fe0f;792;216;72;72;11
1f926-200d-2642-fe0f;864;216;72;72;11
1f926;936;216;72;72;11
1f927;0;288;72;72;11
1f928;72;288;72;72;11
1f929;144;288;72;72;11
1f92a;216;288;72;72;11
1f92b;288;288;72;72;11
1f92c;360;288;72;72;11
1f92d;432;288;72;72;11
1f92e;504;288;72;72;11
1f92f;576;288;72;72;11
1f930-1f3fb;648;288;72;72;11
1f930-1f3fc;720;288;72;72;11
1f930-1f3fd;792;288;72;72;11
1f930-1f3fe;864;288;72;72;11
1f930-1f3ff;936;288;72;72;11
1f930;0;360;72;72;11
1f931-1f3fb;72;360;72;72;11
1f931-1f3fc;144;360;72;72;11
1f931-1f3fd;216;360;72;72;11
1f931-1f3fe;288;360;72;72;11
1f931-1f3ff;360;360;72;72;11
1f931;432;360;72;72;11
1f932-1f3fb;504;360;72;72;11
1f932-1f3fc;576;360;72;72;11
1f932-1f3fd;648;360;72;72;11
1f932-1f3fe;720;360;72;72;11
1f932-1f3ff;792;360;72;72;11
1f932;864;360;72;72;11
1f933-1f3fb;936;360;72;72;11
1f933-1f3fc;0;432;72;72;11
1f933-1f3fd;72;432;72;72;11
1f933-1f3fe;144;432;72;72;11
1f933-1f3ff;216;432;72;72;11
1f933;288;432;72;72;11
1f934-1f3fb;360;432;72;72;11
1f934-1f3fc;432;432;72;72;11
1f934-1f3fd;504;432;72;72;11
1f934-1f3fe;576;432;72;72;11
1f934-1f3ff;648;432;72;72;11
1f934;720;432;72;72;11
1f935-1f3fb-200d-2640-fe0f;792;432;72;72;11
1f935-1f3fb-200d-2642-fe0f;864;432;72;72;11
1f935-1f3fb;936;432;72;72;11
1f935-1f3fc-200d-2640-fe0f;0;504;72;72;11
1f935-1f3fc-200d-2642-fe0f;72;504;72;72;11
1f935-1f3fc;144;504;72;72;11
1f935-1f3fd-200d-2640-fe0f;216;504;72;72;11
1f935-1f3fd-200d-2642-fe0f;288;504;72;72;11
1f935-1f3fd;360;504;72;72;11
1f935-1f3fe-200d-2640-fe0f;432;504;72;72;11
1f935-1f3fe-200d-2642-fe0f;504;504;72;72;11
1f935-1f3fe;576;504;72;72;11
1f935-1f3ff-200d-2640-fe0f;648;504;72;72;11
1f935-1f3ff-200d-2642-fe0f;720;504;72;72;11
1f935-1f3ff;792;504;72;72;11
1f935-200d-2640-fe0f;864;504;72;72;11
1f935-200d-2642-fe0f;936;504;72;72;11
1f935;0;576;72;72;11
1f936-1f3fb;72;576;72;72;11
1f936-1f3fc;144;576;72;72;11
1f936-1f3fd;216;576;72;72;11
1f936-1f3fe;288;576;72;72;11
1f936-1f3ff;360;576;72;72;11
1f936;432;576;72;72;11
1f937-1f3fb-200d-2640-fe0f;504;576;72;72;11
1f937-1f3fb-200d-2642-fe0f;576;576;72;72;11
1f937-1f3fb;648;576;72;72;11
1f937-1f3fc-200d-2640-fe0f;720;576;72;72;11
1f937-1f3fc-200d-2642-fe0f;792;576;72;72;11
1f937-1f3fc;864;576;72;72;11
1f937-1f3fd-200d-2640-fe0f;936;576;72;72;11
1f937-1f3fd-200d-2642-fe0f;0;648;72;72;11
1f937-1f3fd;72;648;72;72;11
1f937-1f3fe-200d-2640-fe0f;144;648;72;72;11
1f937-1f3fe-200d-2642-fe0f;216;648;72;72;11
1f937-1f3fe;288;648;72;72;11
1f937-1f3ff-200d-2640-fe0f;360;648;72;72;11
1f937-1f3ff-200d-2642-fe0f;432;648;72;72;11
1f937-1f3ff;504;648;72;72;11
1f937-200d-2640-fe0f;576;648;72;72;11
1f937-200d-2642-fe0f;648;648;72;72;11
1f937;720;648;72;72;11
1f938-1f3fb-200d-2640-fe0f;792;648;72;72;11
1f938-1f3fb-200d-2642-fe0f;864;648;72;72;11
1f938-1f3fb;936;648;72;72;11
1f938-1f3fc-200d-2640-fe0f;0;720;72;72;11
1f938-1f3fc-200d-2642-fe0f;72;720;72;72;11
1f938-1f3fc;144;720;72;72;11
1f938-1f3fd-200d-2640-fe0f;216;720;72;72;11
1f938-1f3fd-200d-2642-fe0f;288;720;72;72;11
1f938-1f3fd;360;720;72;72;11
1f938-1f3fe-200d-2640-fe0f;432;720;72;72;11
1f938-1f3fe-200d-2642-fe0f;504;720;72;72;11
1f938-1f3fe;576;720;72;72;11
1f938-1f3ff-200d-2640-fe0f;648;720;72;72;11
1f938-1f3ff-200d-2642-fe0f;720;720;72;72;11
1f938-1f3ff;792;720;72;72;11
1f938-200d-2640-fe0f;864;720;72;72;11
1f938-200d-2642-fe0f;936;720;72;72;11
1f938;0;792;72;72;11
1f939-1f3fb-200d-2640-fe0f;72;792;72;72;11
1f939-1f3fb-200d-2642-fe0f;144;792;72;72;11
1f939-1f3fb;216;792;72;72;11
1f939-1f3fc-200d-2640-fe0f;288;792;72;72;11
1f939-1f3fc-200d-2642-fe0f;360;792;72;72;11
1f939-1f3fc;432;792;72;72;11
1f939-1f3fd-200d-2640-fe0f;504;792;72;72;11
1f939-1f3fd-200d-2642-fe0f;576;792;72;72;11
1f939-1f3fd;648;792;72;72;11
1f939-1f3fe-200d-2640-fe0f;720;792;72;72;11
1f939-1f3fe-200d-2642-fe0f;792;792;72;72;11
1f939-1f3fe;864;792;72;72;11
1f939-1f3ff-200d-2640-fe0f;936;792;72;72;11
1f939-1f3ff-200d-2642-fe0f;0;864;72;72;11
1f939-1f3ff;72;864;72;72;11
1f939-200d-2640-fe0f;144;864;72;72;11
1f939-200d-2642-fe0f;216;864;72;72;11
1f939;288;864;72;72;11
1f93a;360;864;72;72;11
1f93c-200d-2640-fe0f;432;864;72;72;11
1f93c-200d-2642-fe0f;504;864;72;72;11
1f93c;576;864;72;72;11
1f93d-1f3fb-200d-2640-fe0f;648;864;72;72;11
1f93d-1f3fb-200d-2642-fe0f;720;864;72;72;11
1f93d-1f3fb;792;864;72;72;11
1f93d-1f3fc-200d-2640-fe0f;864;864;72;72;11
1f93d-1f3fc-200d-2642-fe0f;936;864;72;72;11
1f93d-1f3fc;0;936;72;72;11
1f93d-1f3fd-200d-2640-fe0f;72;936;72;72;11
1f93d-1f3fd-200d-2642-fe0f;144;936;72;72;11
1f93d-1f3fd;216;936;72;72;11
1f93d-1f3fe-200d-2640-fe0f;288;936;72;72;11
1f93d-1f3fe-200d-2642-fe0f;360;936;72;72;11
1f93d-1f3fe;432;936;72;72;11
1f93d-1f3ff-200d-2640-fe0f;504;936;72;72;11
1f93d-1f3ff-200d-2642-fe0f;576;936;72;72;11
1f93d-1f3ff;648;936;72;72;11
1f93d-200d-2640-fe0f;720;936;72;72;11
1f93d-200d-2642-fe0f;792;936;72;72;11
1f93d;864;936;72;72;11
1f93e-1f3fb-200d-2640-fe0f;936;936;72;72;11
1f93e-1f3fb-200d-2642-fe0f;0;0;72;72;12
1f93e-1f3fb;72;0;72;72;12
1f93e-1f3fc-200d-2640-fe0f;144;0;72;72;12
1f93e-1f3fc-200d-2642-fe0f;216;0;72;72;12
1f93e-1f3fc;288;0;72;72;12
1f93e-1f3fd-200d-2640-fe0f;360;0;72;72;12
1f93e-1f3fd-200d-2642-fe0f;432;0;72;72;12
1f93e-1f3fd;504;0;72;72;12
1f93e-1f3fe-200d-2640-fe0f;576;0;72;72;12
1f93e-1f3fe-200d-2642-fe0f;648;0;72;72;12
1f93e-1f3fe;720;0;72;72;12
1f93e-1f3ff-200d-2640-fe0f;792;0;72;72;12
1f93e-1f3ff-200d-2642-fe0f;864;0;72;72;12
1f93e-1f3ff;936;0;72;72;12
1f93e-200d-2640-fe0f;0;72;72;72;12
1f93e-200d-2642-fe0f;72;72;72;72;12
1f93e;144;72;72;72;12
1f93f;216;72;72;72;12
1f940;288;72;72;72;12
1f941;360;72;72;72;12
1f942;432;72;72;72;12
1f943;504;72;72;72;12
1f944;576;72;72;72;12
1f945;648;72;72;72;12
1f947;720;72;72;72;12
1f948;792;72;72;72;12
1f949;864;72;72;72;12
1f94a;936;72;72;72;12
1f94b;0;144;72;72;12
1f94c;72;144;72;72;12
1f94d;144;144;72;72;12
1f94e;216;144;72;72;12
1f94f;288;144;72;72;12
1f950;360;144;72;72;12
1f951;432;144;72;72;12
1f952;504;144;72;72;12
1f953;576;144;72;72;12
1f954;648;144;72;72;12
1f955;720;144;72;72;12
1f956;792;144;72;72;12
1f957;864;144;72;72;12
1f958;936;144;72;72;12
1f959;0;216;72;72;12
1f95a;72;216;72;72;12
1f95b;144;216;72;72;12
1f95c;216;216;72;72;12
1f95d;288;216;72;72;12
1f95e;360;216;72;72;12
1f95f;432;216;72;72;12
1f960;504;216;72;72;12
1f961;576;216;72;72;12
1f962;648;216;72;72;12
1f963;720;216;72;72;12
1f964;792;216;72;72;12
1f965;864;216;72;72;12
1f966;936;216;72;72;12
1f967;0;288;72;72;12
1f968;72;288;72;72;12
1f969;144;288;72;72;12
1f96a;216;288;72;72;12
1f96b;288;288;72;72;12
1f96c;360;288;72;72;12
1f96d;432;288;72;72;12
1f96e;504;288;72;72;12
1f96f;576;288;72;72;12
1f970;648;288;72;72;12
1f971;720;288;72;72;12
1f973;792;288;72;72;12
1f974;864;288;72;72;12
1f975;936;288;72;72;12
1f976;0;360;72;72;12
1f97a;72;360;72;72;12
1f97b;144;360;72;72;12
1f97c;216;360;72;72;12
1f97d;288;360;72;72;12
1f97e;360;360;72;72;12
1f97f;432;360;72;72;12
1f980;504;360;72;72;12
1f981;576;360;72;72;12
1f982;648;360;72;72;12
1f983;720;360;72;72;12
1f984;792;360;72;72;12
1f985;864;360;72;72;12
1f986;936;360;72;72;12
1f987;0;432;72;72;12
1f988;72;432;72;72;12
1f989;144;432;72;72;12
1f98a;216;432;72;72;12
1f98b;288;432;72;72;12
1f98c;360;432;72;72;12
1f98d;432;432;72;72;12
1f98e;504;432;72;72;12
1f98f;576;432;72;72;12
1f990;648;432;72;72;12
1f991;720;432;72;72;12
1f992;792;432;72;72;12
1f993;864;432;72;72;12
1f994;936;432;72;72;12
1f995;0;504;72;72;12
1f996;72;504;72;72;12
1f997;144;504;72;72;12
1f998;216;504;72;72;12
1f999;288;504;72;72;12
1f99a;360;504;72;72;12
1f99b;432;504;72;72;12
1f99c;504;504;72;72;12
1f99d;576;504;72;72;12
1f99e;648;504;72;72;12
1f99f;720;504;72;72;12
1f9a0;792;504;72;72;12
1f9a1;864;504;72;72;12
1f9a2;936;504;72;72;12
1f9a5;0;576;72;72;12
1f9a6;72;576;72;72;12
1f9a7;144;576;72;72;12
1f9a8;216;576;72;72;12
1f9a9;288;576;72;72;12
1f9aa;360;576;72;72;12
1f9ae;432;576;72;72;12
1f9af;504;576;72;72;12
1f9b0;576;576;72;72;12
1f9b1;648;576;72;72;12
1f9b2;720;576;72;72;12
1f9b3;792;576;72;72;12
1f9b4;864;576;72;72;12
1f9b5-1f3fb;936;576;72;72;12
1f9b5-1f3fc;0;648;72;72;12
1f9b5-1f3fd;72;648;72;72;12
1f9b5-1f3fe;144;648;72;72;12
1f9b5-1f3ff;216;648;72;72;12
1f9b5;288;648;72;72;12
1f9b6-1f3fb;360;648;72;72;12
1f9b6-1f3fc;432;648;72;72;12
1f9b6-1f3fd;504;648;72;72;12
1f9b6-1f3fe;576;648;72;72;12
1f9b6-1f3ff;648;648;72;72;12
1f9b6;720;648;72;72;12
1f9b7;792;648;72;72;12
1f9b8-1f3fb-200d-2640-fe0f;864;648;72;72;12
1f9b8-1f3fb-200d-2642-fe0f;936;648;72;72;12
1f9b8-1f3fb;0;720;72;72;12
1f9b8-1f3fc-200d-2640-fe0f;72;720;72;72;12
1f9b8-1f3fc-200d-2642-fe0f;144;720;72;72;12
1f9b8-1f3fc;216;720;72;72;12
1f9b8-1f3fd-200d-2640-fe0f;288;720;72;72;12
1f9b8-1f3fd-200d-2642-fe0f;360;720;72;72;12
1f9b8-1f3fd;432;720;72;72;12
1f9b8-1f3fe-200d-2640-fe0f;504;720;72;72;12
1f9b8-1f3fe-200d-2642-fe0f;576;720;72;72;12
1f9b8-1f3fe;648;720;72;72;12
1f9b8-1f3ff-200d-2640-fe0f;720;720;72;72;12
1f9b8-1f3ff-200d-2642-fe0f;792;720;72;72;12
1f9b8-1f3ff;864;720;72;72;12
1f9b8-200d-2640-fe0f;936;720;72;72;12
1f9b8-200d-2642-fe0f;0;792;72;72;12
1f9b8;72;792;72;72;12
1f9b9-1f3fb-200d-2640-fe0f;144;792;72;72;12
1f9b9-1f3fb-200d-2642-fe0f;216;792;72;72;12
1f9b9-1f3fb;288;792;72;72;12
1f9b9-1f3fc-200d-2640-fe0f;360;792;72;72;12
1f9b9-1f3fc-200d-2642-fe0f;432;792;72;72;12
1f9b9-1f3fc;504;792;72;72;12
1f9b9-1f3fd-200d-2640-fe0f;576;792;72;72;12
1f9b9-1f3fd-200d-2642-fe0f;648;792;72;72;12
1f9b9-1f3fd;720;792;72;72;12
1f9b9-1f3fe-200d-2640-fe0f;792;792;72;72;12
1f9b9-1f3fe-200d-2642-fe0f;864;792;72;72;12
1f9b9-1f3fe;936;792;72;72;12
1f9b9-1f3ff-200d-2640-fe0f;0;864;72;72;12
1f9b9-1f3ff-200d-2642-fe0f;72;864;72;72;12
1f9b9-1f3ff;144;864;72;72;12
1f9b9-200d-2640-fe0f;216;864;72;72;12
1f9b9-200d-2642-fe0f;288;864;72;72;12
1f9b9;360;864;72;72;12
1f9ba;432;864;72;72;12
1f9bb-1f3fb;504;864;72;72;12
1f9bb-1f3fc;576;864;72;72;12
1f9bb-1f3fd;648;864;72;72;12
1f9bb-1f3fe;720;864;72;72;12
1f9bb-1f3ff;792;864;72;72;12
1f9bb;864;864;72;72;12
1f9bc;936;864;72;72;12
1f9bd;0;936;72;72;12
1f9be;72;936;72;72;12
1f9bf;144;936;72;72;12
1f9c0;216;936;72;72;12
1f9c1;288;936;72;72;12
1f9c2;360;936;72;72;12
1f9c3;432;936;72;72;12
1f9c4;504;936;72;72;12
1f9c5;576;936;72;72;12
1f9c6;648;936;72;72;12
1f9c7;720;936;72;72;12
1f9c8;792;936;72;72;12
1f9c9;864;936;72;72;12
1f9ca;936;936;72;72;12
1f9cd-1f3fb-200d-2640-fe0f;0;0;72;72;13
1f9cd-1f3fb-200d-2642-fe0f;72;0;72;72;13
1f9cd-1f3fb;144;0;72;72;13
1f9cd-1f3fc-200d-2640-fe0f;216;0;72;72;13
1f9cd-1f3fc-200d-2642-fe0f;288;0;72;72;13
1f9cd-1f3fc;360;0;72;72;13
1f9cd-1f3fd-200d-2640-fe0f;432;0;72;72;13
1f9cd-1f3fd-200d-2642-fe0f;504;0;72;72;13
1f9cd-1f3fd;576;0;72;72;13
1f9cd-1f3fe-200d-2640-fe0f;648;0;72;72;13
1f9cd-1f3fe-200d-2642-fe0f;720;0;72;72;13
1f9cd-1f3fe;792;0;72;72;13
1f9cd-1f3ff-200d-2640-fe0f;864;0;72;72;13
1f9cd-1f3ff-200d-2642-fe0f;936;0;72;72;13
1f9cd-1f3ff;0;72;72;72;13
1f9cd-200d-2640-fe0f;72;72;72;72;13
1f9cd-200d-2642-fe0f;144;72;72;72;13
1f9cd;216;72;72;72;13
1f9ce-1f3fb-200d-2640-fe0f;288;72;72;72;13
1f9ce-1f3fb-200d-2642-fe0f;360;72;72;72;13
1f9ce-1f3fb;432;72;72;72;13
1f9ce-1f3fc-200d-2640-fe0f;504;72;72;72;13
1f9ce-1f3fc-200d-2642-fe0f;576;72;72;72;13
1f9ce-1f3fc;648;72;72;72;13
1f9ce-1f3fd-200d-2640-fe0f;720;72;72;72;13
1f9ce-1f3fd-200d-2642-fe0f;792;72;72;72;13
1f9ce-1f3fd;864;72;72;72;13
1f9ce-1f3fe-200d-2640-fe0f;936;72;72;72;13
1f9ce-1f3fe-200d-2642-fe0f;0;144;72;72;13
1f9ce-1f3fe;72;144;72;72;13
1f9ce-1f3ff-200d-2640-fe0f;144;144;72;72;13
1f9ce-1f3ff-200d-2642-fe0f;216;144;72;72;13
1f9ce-1f3ff;288;144;72;72;13
1f9ce-200d-2640-fe0f;360;144;72;72;13
1f9ce-200d-2642-fe0f;432;144;72;72;13
1f9ce;504;144;72;72;13
1f9cf-1f3fb-200d-2640-fe0f;576;144;72;72;13
1f9cf-1f3fb-200d-2642-fe0f;648;144;72;72;13
1f9cf-1f3fb;720;144;72;72;13
1f9cf-1f3fc-200d-2640-fe0f;792;144;72;72;13
1f9cf-1f3fc-200d-2642-fe0f;864;144;72;72;13
1f9cf-1f3fc;936;144;72;72;13
1f9cf-1f3fd-200d-2640-fe0f;0;216;72;72;13
1f9cf-1f3fd-200d-2642-fe0f;72;216;72;72;13
1f9cf-1f3fd;144;216;72;72;13
1f9cf-1f3fe-200d-2640-fe0f;216;216;72;72;13
1f9cf-1f3fe-200d-2642-fe0f;288;216;72;72;13
1f9cf-1f3fe;360;216;72;72;13
1f9cf-1f3ff-200d-2640-fe0f;432;216;72;72;13
1f9cf-1f3ff-200d-2642-fe0f;504;216;72;72;13
1f9cf-1f3ff;576;216;72;72;13
1f9cf-200d-2640-fe0f;648;216;72;72;13
1f9cf-200d-2642-fe0f;720;216;72;72;13
1f9cf;792;216;72;72;13
1f9d0;864;216;72;72;13
1f9d1-1f3fb-200d-1f91d-200d-1f9d1-1f3fb;936;216;72;72;13
1f9d1-1f3fb;0;288;72;72;13
1f9d1-1f3fc-200d-1f91d-200d-1f9d1-1f3fb;72;288;72;72;13
1f9d1-1f3fc-200d-1f91d-200d-1f9d1-1f3fc;144;288;72;72;13
1f9d1-1f3fc;216;288;72;72;13
1f9d1-1f3fd-200d-1f91d-200d-1f9d1-1f3fb;288;288;72;72;13
1f9d1-1f3fd-200d-1f91d-200d-1f9d1-1f3fc;360;288;72;72;13
1f9d1-1f3fd-200d-1f91d-200d-1f9d1-1f3fd;432;288;72;72;13
1f9d1-1f3fd;504;288;72;72;13
1f9d1-1f3fe-200d-1f91d-200d-1f9d1-1f3fb;576;288;72;72;13
1f9d1-1f3fe-200d-1f91d-200d-1f9d1-1f3fc;648;288;72;72;13
1f9d1-1f3fe-200d-1f91d-200d-1f9d1-1f3fd;720;288;72;72;13
1f9d1-1f3fe-200d-1f91d-200d-1f9d1-1f3fe;792;288;72;72;13
1f9d1-1f3fe;864;288;72;72;13
1f9d1-1f3ff-200d-1f91d-200d-1f9d1-1f3fb;936;288;72;72;13
1f9d1-1f3ff-200d-1f91d-200d-1f9d1-1f3fc;0;360;72;72;13
1f9d1-1f3ff-200d-1f91d-200d-1f9d1-1f3fd;72;360;72;72;13
1f9d1-1f3ff-200d-1f91d-200d-1f9d1-1f3fe;144;360;72;72;13
1f9d1-1f3ff-200d-1f91d-200d-1f9d1-1f3ff;216;360;72;72;13
1f9d1-1f3ff;288;360;72;72;13
1f9d1-200d-1f91d-200d-1f9d1;360;360;72;72;13
1f9d1;432;360;72;72;13
1f9d2-1f3fb;504;360;72;72;13
1f9d2-1f3fc;576;360;72;72;13
1f9d2-1f3fd;648;360;72;72;13
1f9d2-1f3fe;720;360;72;72;13
1f9d2-1f3ff;792;360;72;72;13
1f9d2;864;360;72;72;13
1f9d3-1f3fb;936;360;72;72;13
1f9d3-1f3fc;0;432;72;72;13
1f9d3-1f3fd;72;432;72;72;13
1f9d3-1f3fe;144;432;72;72;13
1f9d3-1f3ff;216;432;72;72;13
1f9d3;288;432;72;72;13
1f9d4-1f3fb;360;432;72;72;13
1f9d4-1f3fc;432;432;72;72;13
1f9d4-1f3fd;504;432;72;72;13
1f9d4-1f3fe;576;432;72;72;13
1f9d4-1f3ff;648;432;72;72;13
1f9d4;720;432;72;72;13
1f9d5-1f3fb;792;432;72;72;13
1f9d5-1f3fc;864;432;72;72;13
1f9d5-1f3fd;936;432;72;72;13
1f9d5-1f3fe;0;504;72;72;13
1f9d5-1f3ff;72;504;72;72;13
1f9d5;144;504;72;72;13
1f9d6-1f3fb-200d-2640-fe0f;216;504;72;72;13
1f9d6-1f3fb-200d-2642-fe0f;288;504;72;72;13
1f9d6-1f3fb;360;504;72;72;13
1f9d6-1f3fc-200d-2640-fe0f;432;504;72;72;13
1f9d6-1f3fc-200d-2642-fe0f;504;504;72;72;13
1f9d6-1f3fc;576;504;72;72;13
1f9d6-1f3fd-200d-2640-fe0f;648;504;72;72;13
1f9d6-1f3fd-200d-2642-fe0f;720;504;72;72;13
1f9d6-1f3fd;792;504;72;72;13
1f9d6-1f3fe-200d-2640-fe0f;864;504;72;72;13
1f9d6-1f3fe-200d-2642-fe0f;936;504;72;72;13
1f9d6-1f3fe;0;576;72;72;13
1f9d6-1f3ff-200d-2640-fe0f;72;576;72;72;13
1f9d6-1f3ff-200d-2642-fe0f;144;576;72;72;13
1f9d6-1f3ff;216;576;72;72;13
1f9d6-200d-2640-fe0f;288;576;72;72;13
1f9d6-200d-2642-fe0f;360;576;72;72;13
1f9d6;432;576;72;72;13
1f9d7-1f3fb-200d-2640-fe0f;504;576;72;72;13
1f9d7-1f3fb-200d-2642-fe0f;576;576;72;72;13
1f9d7-1f3fb;648;576;72;72;13
1f9d7-1f3fc-200d-2640-fe0f;720;576;72;72;13
1f9d7-1f3fc-200d-2642-fe0f;792;576;72;72;13
1f9d7-1f3fc;864;576;72;72;13
1f9d7-1f3fd-200d-2640-fe0f;936;576;72;72;13
1f9d7-1f3fd-200d-2642-fe0f;0;648;72;72;13
1f9d7-1f3fd;72;648;72;72;13
1f9d7-1f3fe-200d-2640-fe0f;144;648;72;72;13
1f9d7-1f3fe-200d-2642-fe0f;216;648;72;72;13
1f9d7-1f3fe;288;648;72;72;13
1f9d7-1f3ff-200d-2640-fe0f;360;648;72;72;13
1f9d7-1f3ff-200d-2642-fe0f;432;648;72;72;13
1f9d7-1f3ff;504;648;72;72;13
1f9d7-200d-2640-fe0f;576;648;72;72;13
1f9d7-200d-2642-fe0f;648;648;72;72;13
1f9d7;720;648;72;72;13
1f9d8-1f3fb-200d-2640-fe0f;792;648;72;72;13
1f9d8-1f3fb-200d-2642-fe0f;864;648;72;72;13
1f9d8-1f3fb;936;648;72;72;13
1f9d8-1f3fc-200d-2640-fe0f;0;720;72;72;13
1f9d8-1f3fc-200d-2642-fe0f;72;720;72;72;13
1f9d8-1f3fc;144;720;72;72;13
1f9d8-1f3fd-200d-2640-fe0f;216;720;72;72;13
1f9d8-1f3fd-200d-2642-fe0f;288;720;72;72;13
1f9d8-1f3fd;360;720;72;72;13
1f9d8-1f3fe-200d-2640-fe0f;432;720;72;72;13
1f9d8-1f3fe-200d-2642-fe0f;504;720;72;72;13
1f9d8-1f3fe;576;720;72;72;13
1f9d8-1f3ff-200d-2640-fe0f;648;720;72;72;13
1f9d8-1f3ff-200d-2642-fe0f;720;720;72;72;13
1f9d8-1f3ff;792;720;72;72;13
1f9d8-200d-2640-fe0f;864;720;72;72;13
1f9d8-200d-2642-fe0f;936;720;72;72;13
1f9d8;0;792;72;72;13
1f9d9-1f3fb-200d-2640-fe0f;72;792;72;72;13
1f9d9-1f3fb-200d-2642-fe0f;144;792;72;72;13
1f9d9-1f3fb;216;792;72;72;13
1f9d9-1f3fc-200d-2640-fe0f;288;792;72;72;13
1f9d9-1f3fc-200d-2642-fe0f;360;792;72;72;13
1f9d9-1f3fc;432;792;72;72;13
1f9d9-1f3fd-200d-2640-fe0f;504;792;72;72;13
1f9d9-1f3fd-200d-2642-fe0f;576;792;72;72;13
1f9d9-1f3fd;648;792;72;72;13
1f9d9-1f3fe-200d-2640-fe0f;720;792;72;72;13
1f9d9-1f3fe-200d-2642-fe0f;792;792;72;72;13
1f9d9-1f3fe;864;792;72;72;13
1f9d9-1f3ff-200d-2640-fe0f;936;792;72;72;13
1f9d9-1f3ff-200d-2642-fe0f;0;864;72;72;13
1f9d9-1f3ff;72;864;72;72;13
1f9d9-200d-2640-fe0f;144;864;72;72;13
1f9d9-200d-2642-fe0f;216;864;72;72;13
1f9d9;288;864;72;72;13
1f9da-1f3fb-200d-2640-fe0f;360;864;72;72;13
1f9da-1f3fb-200d-2642-fe0f;432;864;72;72;13
1f9da-1f3fb;504;864;72;72;13
1f9da-1f3fc-200d-2640-fe0f;576;864;72;72;13
1f9da-1f3fc-200d-2642-fe0f;648;864;72;72;13
1f9da-1f3fc;720;864;72;72;13
1f9da-1f3fd-200d-2640-fe0f;792;864;72;72;13
1f9da-1f3fd-200d-2642-fe0f;864;864;72;72;13
1f9da-1f3fd;936;864;72;72;13
1f9da-1f3fe-200d-2640-fe0f;0;936;72;72;13
1f9da-1f3fe-200d-2642-fe0f;72;936;72;72;13
1f9da-1f3fe;144;936;72;72;13
1f9da-1f3ff-200d-2640-fe0f;216;936;72;72;13
1f9da-1f3ff-200d-2642-fe0f;288;936;72;72;13
1f9da-1f3ff;360;936;72;72;13
1f9da-200d-2640-fe0f;432;936;72;72;13
1f9da-200d-2642-fe0f;504;936;72;72;13
1f9da;576;936;72;72;13
1f9db-1f3fb-200d-2640-fe0f;648;936;72;72;13
1f9db-1f3fb-200d-2642-fe0f;720;936;72;72;13
1f9db-1f3fb;792;936;72;72;13
1f9db-1f3fc-200d-2640-fe0f;864;936;72;72;13
1f9db-1f3fc-200d-2642-fe0f;936;936;72;72;13
1f9db-1f3fc;0;0;72;72;14
1f9db-1f3fd-200d-2640-fe0f;72;0;72;72;14
1f9db-1f3fd-200d-2642-fe0f;144;0;72;72;14
1f9db-1f3fd;216;0;72;72;14
1f9db-1f3fe-200d-2640-fe0f;288;0;72;72;14
1f9db-1f3fe-200d-2642-fe0f;360;0;72;72;14
1f9db-1f3fe;432;0;72;72;14
1f9db-1f3ff-200d-2640-fe0f;504;0;72;72;14
1f9db-1f3ff-200d-2642-fe0f;576;0;72;72;14
1f9db-1f3ff;648;0;72;72;14
1f9db-200d-2640-fe0f;720;0;72;72;14
1f9db-200d-2642-fe0f;792;0;72;72;14
1f9db;864;0;72;72;14
1f9dc-1f3fb-200d-2640-fe0f;936;0;72;72;14
1f9dc-1f3fb-200d-2642-fe0f;0;72;72;72;14
1f9dc-1f3fb;72;72;72;72;14
1f9dc-1f3fc-200d-2640-fe0f;144;72;72;72;14
1f9dc-1f3fc-200d-2642-fe0f;216;72;72;72;14
1f9dc-1f3fc;288;72;72;72;14
1f9dc-1f3fd-200d-2640-fe0f;360;72;72;72;14
1f9dc-1f3fd-200d-2642-fe0f;432;72;72;72;14
1f9dc-1f3fd;504;72;72;72;14
1f9dc-1f3fe-200d-2640-fe0f;576;72;72;72;14
1f9dc-1f3fe-200d-2642-fe0f;648;72;72;72;14
1f9dc-1f3fe;720;72;72;72;14
1f9dc-1f3ff-200d-2640-fe0f;792;72;72;72;14
1f9dc-1f3ff-200d-2642-fe0f;864;72;72;72;14
1f9dc-1f3ff;936;72;72;72;14
1f9dc-200d-2640-fe0f;0;144;72;72;14
1f9dc-200d-2642-fe0f;72;144;72;72;14
1f9dc;144;144;72;72;14
1f9dd-1f3fb-200d-2640-fe0f;216;144;72;72;14
1f9dd-1f3fb-200d-2642-fe0f;288;144;72;72;14
1f9dd-1f3fb;360;144;72;72;14
1f9dd-1f3fc-200d-2640-fe0f;432;144;72;72;14
1f9dd-1f3fc-200d-2642-fe0f;504;144;72;72;14
1f9dd-1f3fc;576;144;72;72;14
1f9dd-1f3fd-200d-2640-fe0f;648;144;72;72;14
1f9dd-1f3fd-200d-2642-fe0f;720;144;72;72;14
1f9dd-1f3fd;792;144;72;72;14
1f9dd-1f3fe-200d-2640-fe0f;864;144;72;72;14
1f9dd-1f3fe-200d-2642-fe0f;936;144;72;72;14
1f9dd-1f3fe;0;216;72;72;14
1f9dd-1f3ff-200d-2640-fe0f;72;216;72;72;14
1f9dd-1f3ff-200d-2642-fe0f;144;216;72;72;14
1f9dd-1f3ff;216;216;72;72;14
1f9dd-200d-2640-fe0f;288;216;72;72;14
1f9dd-200d-2642-fe0f;360;216;72;72;14
1f9dd;432;216;72;72;14
1f9de-200d-2640-fe0f;504;216;72;72;14
1f9de-200d-2642-fe0f;576;216;72;72;14
1f9de;648;216;72;72;14
1f9df-200d-2640-fe0f;720;216;72;72;14
1f9df-200d-2642-fe0f;792;216;72;72;14
1f9df;864;216;72;72;14
1f9e0;936;216;72;72;14
1f9e1;0;288;72;72;14
1f9e2;72;288;72;72;14
1f9e3;144;288;72;72;14
1f9e4;216;288;72;72;14
1f9e5;288;288;72;72;14
1f9e6;360;288;72;72;14
1f9e7;432;288;72;72;14
1f9e8;504;288;72;72;14
1f9e9;576;288;72;72;14
1f9ea;648;288;72;72;14
1f9eb;720;288;72;72;14
1f9ec;792;288;72;72;14
1f9ed;864;288;72;72;14
1f9ee;936;288;72;72;14
1f9ef;0;360;72;72;14
1f9f0;72;360;72;72;14
1f9f1;144;360;72;72;14
1f9f2;216;360;72;72;14
1f9f3;288;360;72;72;14
1f9f4;360;360;72;72;14
1f9f5;432;360;72;72;14
1f9f6;504;360;72;72;14
1f9f7;576;360;72;72;14
1f9f8;648;360;72;72;14
1f9f9;720;360;72;72;14
1f9fa;792;360;72;72;14
1f9fb;864;360;72;72;14
1f9fc;936;360;72;72;14
1f9fd;0;432;72;72;14
1f9fe;72;432;72;72;14
1f9ff;144;432;72;72;14
1fa70;216;432;72;72;14
1fa71;288;432;72;72;14
1fa72;360;432;72;72;14
1fa73;432;432;72;72;14
1fa78;504;432;72;72;14
1fa79;576;432;72;72;14
1fa7a;648;432;72;72;14
1fa80;720;432;72;72;14
1fa81;792;432;72;72;14
1fa82;864;432;72;72;14
1fa90;936;432;72;72;14
1fa91;0;504;72;72;14
1fa92;72;504;72;72;14
1fa93;144;504;72;72;14
1fa94;216;504;72;72;14
1fa95;288;504;72;72;14
203c;360;504;72;72;14
2049;432;504;72;72;14
2122;504;504;72;72;14
2139;576;504;72;72;14
2194;648;504;72;72;14
2195;720;504;72;72;14
2196;792;504;72;72;14
2197;864;504;72;72;14
2198;936;504;72;72;14
2199;0;576;72;72;14
21a9;72;576;72;72;14
21aa;144;576;72;72;14
23-20e3;216;576;72;72;14
23-fe0f-20e3;288;576;72;72;14
231a;360;576;72;72;14
231b;432;576;72;72;14
2328;504;576;72;72;14
23cf;576;576;72;72;14
23e9;648;576;72;72;14
23ea;720;576;72;72;14
23eb;792;576;72;72;14
23ec;864;576;72;72;14
23ed;936;576;72;72;14
23ee;0;648;72;72;14
23ef;72;648;72;72;14
23f0;144;648;72;72;14
23f1;216;648;72;72;14
23f2;288;648;72;72;14
23f3;360;648;72;72;14
23f8;432;648;72;72;14
23f9;504;648;72;72;14
23fa;576;648;72;72;14
24c2;648;648;72;72;14
25aa;720;648;72;72;14
25ab;792;648;72;72;14
25b6;864;648;72;72;14
25c0;936;648;72;72;14
25fb;0;720;72;72;14
25fc;72;720;72;72;14
25fd;144;720;72;72;14
25fe;216;720;72;72;14
2600;288;720;72;72;14
2601;360;720;72;72;14
2602;432;720;72;72;14
2603;504;720;72;72;14
2604;576;720;72;72;14
260e;648;720;72;72;14
2611;720;720;72;72;14
2614;792;720;72;72;14
2615;864;720;72;72;14
2618;936;720;72;72;14
261d-1f3fb;0;792;72;72;14
261d-1f3fc;72;792;72;72;14
261d-1f3fd;144;792;72;72;14
261d-1f3fe;216;792;72;72;14
261d-1f3ff;288;792;72;72;14
261d;360;792;72;72;14
2620;432;792;72;72;14
2622;504;792;72;72;14
2623;576;792;72;72;14
2626;648;792;72;72;14
262a;720;792;72;72;14
262e;792;792;72;72;14
262f;864;792;72;72;14
2638;936;792;72;72;14
2639;0;864;72;72;14
263a;72;864;72;72;14
2640;144;864;72;72;14
2642;216;864;72;72;14
2648;288;864;72;72;14
2649;360;864;72;72;14
264a;432;864;72;72;14
264b;504;864;72;72;14
264c;576;864;72;72;14
264d;648;864;72;72;14
264e;720;864;72;72;14
264f;792;864;72;72;14
2650;864;864;72;72;14
2651;936;864;72;72;14
2652;0;936;72;72;14
2653;72;936;72;72;14
265f;144;936;72;72;14
2660;216;936;72;72;14
2663;288;936;72;72;14
2665;360;936;72;72;14
2666;432;936;72;72;14
2668;504;936;72;72;14
267b;576;936;72;72;14
267e;648;936;72;72;14
267f;720;936;72;72;14
2692;792;936;72;72;14
2693;864;936;72;72;14
2694;936;936;72;72;14
2695;0;0;72;72;15
2696;72;0;72;72;15
2697;144;0;72;72;15
2699;216;0;72;72;15
269b;288;0;72;72;15
269c;360;0;72;72;15
26a0;432;0;72;72;15
26a1;504;0;72;72;15
26aa;576;0;72;72;15
26ab;648;0;72;72;15
26b0;720;0;72;72;15
26b1;792;0;72;72;15
26bd;864;0;72;72;15
26be;936;0;72;72;15
26c4;0;72;72;72;15
26c5;72;72;72;72;15
26c8;144;72;72;72;15
26ce;216;72;72;72;15
26cf;288;72;72;72;15
26d1;360;72;72;72;15
26d3;432;72;72;72;15
26d4;504;72;72;72;15
26e9;576;72;72;72;15
26ea;648;72;72;72;15
26f0;720;72;72;72;15
26f1;792;72;72;72;15
26f2;864;72;72;72;15
26f3;936;72;72;72;15
26f4;0;144;72;72;15
26f5;72;144;72;72;15
26f7-1f3fb;144;144;72;72;15
26f7-1f3fc;216;144;72;72;15
26f7-1f3fd;288;144;72;72;15
26f7-1f3fe;360;144;72;72;15
26f7-1f3ff;432;144;72;72;15
26f7;504;144;72;72;15
26f8;576;144;72;72;15
26f9-1f3fb-200d-2640-fe0f;648;144;72;72;15
26f9-1f3fb-200d-2642-fe0f;720;144;72;72;15
26f9-1f3fb;792;144;72;72;15
26f9-1f3fc-200d-2640-fe0f;864;144;72;72;15
26f9-1f3fc-200d-2642-fe0f;936;144;72;72;15
26f9-1f3fc;0;216;72;72;15
26f9-1f3fd-200d-2640-fe0f;72;216;72;72;15
26f9-1f3fd-200d-2642-fe0f;144;216;72;72;15
26f9-1f3fd;216;216;72;72;15
26f9-1f3fe-200d-2640-fe0f;288;216;72;72;15
26f9-1f3fe-200d-2642-fe0f;360;216;72;72;15
26f9-1f3fe;432;216;72;72;15
26f9-1f3ff-200d-2640-fe0f;504;216;72;72;15
26f9-1f3ff-200d-2642-fe0f;576;216;72;72;15
26f9-1f3ff;648;216;72;72;15
26f9-fe0f-200d-2640-fe0f;720;216;72;72;15
26f9-fe0f-200d-2642-fe0f;792;216;72;72;15
26f9;864;216;72;72;15
26fa;936;216;72;72;15
26fd;0;288;72;72;15
2702;72;288;72;72;15
2705;144;288;72;72;15
2708;216;288;72;72;15
2709;288;288;72;72;15
270a-1f3fb;360;288;72;72;15
270a-1f3fc;432;288;72;72;15
270a-1f3fd;504;288;72;72;15
270a-1f3fe;576;288;72;72;15
270a-1f3ff;648;288;72;72;15
270a;720;288;72;72;15
270b-1f3fb;792;288;72;72;15
270b-1f3fc;864;288;72;72;15
270b-1f3fd;936;288;72;72;15
270b-1f3fe;0;360;72;72;15
270b-1f3ff;72;360;72;72;15
270b;144;360;72;72;15
270c-1f3fb;216;360;72;72;15
270c-1f3fc;288;360;72;72;15
270c-1f3fd;360;360;72;72;15
270c-1f3fe;432;360;72;72;15
270c-1f3ff;504;360;72;72;15
270c;576;360;72;72;15
270d-1f3fb;648;360;72;72;15
270d-1f3fc;720;360;72;72;15
270d-1f3fd;792;360;72;72;15
270d-1f3fe;864;360;72;72;15
270d-1f3ff;936;360;72;72;15
270d;0;432;72;72;15
270f;72;432;72;72;15
2712;144;432;72;72;15
2714;216;432;72;72;15
2716;288;432;72;72;15
271d;360;432;72;72;15
2721;432;432;72;72;15
2728;504;432;72;72;15
2733;576;432;72;72;15
2734;648;432;72;72;15
2744;720;432;72;72;15
2747;792;432;72;72;15
274c;864;432;72;72;15
274e;936;432;72;72;15
2753;0;504;72;72;15
2754;72;504;72;72;15
2755;144;504;72;72;15
2757;216;504;72;72;15
2763;288;504;72;72;15
2764;360;504;72;72;15
2795;432;504;72;72;15
2796;504;504;72;72;15
2797;576;504;72;72;15
27a1;648;504;72;72;15
27b0;720;504;72;72;15
27bf;792;504;72;72;15
2934;864;504;72;72;15
2935;936;504;72;72;15
2a-20e3;0;576;72;72;15
2a-fe0f-20e3;72;576;72;72;15
2b05;144;576;72;72;15
2b06;216;576;72;72;15
2b07;288;576;72;72;15
2b1b;360;576;72;72;15
2b1c;432;576;72;72;15
2b50;504;576;72;72;15
2b55;576;576;72;72;15
30-20e3;648;576;72;72;15
30-fe0f-20e3;720;576;72;72;15
3030;792;576;72;72;15
303d;864;576;72;72;15
31-20e3;936;576;72;72;15
31-fe0f-20e3;0;648;72;72;15
32-20e3;72;648;72;72;15
32-fe0f-20e3;144;648;72;72;15
3297;216;648;72;72;15
3299;288;648;72;72;15
33-20e3;360;648;72;72;15
33-fe0f-20e3;432;648;72;72;15
34-20e3;504;648;72;72;15
34-fe0f-20e3;576;648;72;72;15
35-20e3;648;648;72;72;15
35-fe0f-20e3;720;648;72;72;15
36-20e3;792;648;72;72;15
36-fe0f-20e3;864;648;72;72;15
37-20e3;936;648;72;72;15
37-fe0f-20e3;0;720;72;72;15
38-20e3;72;720;72;72;15
38-fe0f-20e3;144;720;72;72;15
39-20e3;216;720;72;72;15
39-fe0f-20e3;288;720;72;72;15
a9;360;720;72;72;15
ae;432;720;72;72;15
e50a;504;720;72;72;15
